%
%             Demonstration input file for simple general purpose FEA code EN234FEA
%                                    A.F. Bower, August 2015
%
%             This file creates a simple 2D hole in a plate with 4 noded quadrilateral elements
%
%
% %%%%%%%%%%%%%%%%%%%%%%%%%%%%%%%%%%%% MESH DEFINITION %%%%%%%%%%%%%%%%%%%%%%%%%%%%%%%%%%%%%%%%%%%%%
%
    MESH

%    The NODE command defines properties of the nodes.  
%    The parameters are # of coords, # of DOF, and an optional integer identifier
       NODES
%    The parameters are # of coords, # of DOF, and an optional integer identifier
       PARAMETERS, 2, 2, 1
%      Specify which nodal DOF are displacements.  In the example, DOF 1 is the x displacement, 2 is the y displacement, 3 is the z displacement
       DISPLACEMENT DOF, 1, 2
%    Enter x,y,z coords of nodes.   The node number is optional, and is ignored in the code.
         COORDINATES
       1,           0.,  0.100000001
      2,           0.,         0.25
      3, 0.0195090324, 0.0980785266
      4, 0.0555570237, 0.0831469595
      5, 0.0707106814, 0.0707106814
      6, 0.0831469595, 0.0555570237
      7, 0.0980785266, 0.0195090324
      8,  0.100000001,           0.
      9,  0.349999994,           0.
     10,  0.349999994,         0.25
     11,           0.,  0.116666667
     12,           0.,   0.13333334
     13,           0.,  0.150000006
     14,           0.,  0.166666672
     15,           0.,  0.183333337
     16,           0.,  0.200000003
     17,           0.,  0.216666669
     18,           0.,  0.233333334
     19, 0.0382683426, 0.0923879519
     20, 0.0923879519, 0.0382683426
     21,  0.329166681,           0.
     22,  0.308333337,           0.
     23,  0.287499994,           0.
     24,  0.266666681,           0.
     25,  0.245833337,           0.
     26,  0.224999994,           0.
     27,  0.204166666,           0.
     28,  0.183333337,           0.
     29,  0.162499994,           0.
     30,  0.141666666,           0.
     31,   0.12083333,           0.
     32,  0.349999994,  0.230769232
     33,  0.349999994,  0.211538464
     34,  0.349999994,  0.192307696
     35,  0.349999994,  0.173076928
     36,  0.349999994,   0.15384616
     37,  0.349999994,  0.134615391
     38,  0.349999994,  0.115384616
     39,  0.349999994, 0.0961538479
     40,  0.349999994, 0.0769230798
     41,  0.349999994,  0.057692308
     42,  0.349999994, 0.0384615399
     43,  0.349999994, 0.0192307699
     44, 0.0194444451,         0.25
     45, 0.0388888903,         0.25
     46, 0.0583333336,         0.25
     47, 0.0777777806,         0.25
     48, 0.0972222239,         0.25
     49,  0.116666667,         0.25
     50,   0.13611111,         0.25
     51,  0.155555561,         0.25
     52,  0.174999997,         0.25
     53,  0.194444448,         0.25
     54,  0.213888884,         0.25
     55,  0.233333334,         0.25
     56,  0.252777785,         0.25
     57,  0.272222221,         0.25
     58,  0.291666657,         0.25
     59,  0.311111122,         0.25
     60,  0.330555558,         0.25
     61, 0.0167990588,  0.151336715
     62, 0.0190981906,  0.233322829
     63, 0.0177550167,  0.134237796
     64, 0.0166846663,  0.167803138
     65, 0.0170914624,  0.184125528
     66, 0.0178076681,  0.200415373
     67, 0.0185322948,  0.216774613
     68,  0.330968797,  0.114709564
     69,  0.330982357, 0.0952560008
     70,  0.330837667, 0.0759566501
     71,  0.330558509, 0.0567627251
     72,  0.330205828, 0.0376830325
     73,  0.329762787, 0.0187145453
     74,  0.330908418,  0.211980864
     75,  0.330769688,  0.153847352
     76,  0.330827683,  0.134275034
     77, 0.0333905108,  0.168606892
     78, 0.0331754647,  0.152736455
     79, 0.0345133021,  0.184279233
     80, 0.0361933075,  0.200104699
     81,  0.330778122,  0.173314318
     82,  0.311811537, 0.0751455128
     83,  0.312188655,  0.094400622
     84,  0.312186003,  0.113935523
     85,  0.311509222,  0.153729707
     86,  0.311144918, 0.0560531989
     87,  0.330843031,  0.192701638
     88,  0.311797857,  0.133793682
     89, 0.0375870392,   0.21621868
     90,  0.136979371,  0.232630134
     91,  0.156452671,  0.232605502
     92,  0.175924137,  0.232496113
     93,  0.195435137,  0.232419059
     94,  0.234334186,  0.231953576
     95,  0.273019582,  0.231665522
     96,  0.253697008,    0.2318241
     97,  0.214912146,  0.232283726
     98, 0.0384778157,   0.23294428
     99, 0.0780014992,  0.231876403
    100, 0.0977779999,  0.232055262
    101,  0.117517874,     0.232437
    102, 0.0619881079,  0.106988408
    103, 0.0719299242, 0.0941411182
    104, 0.0838929564,  0.079664968
    105,   0.10804686, 0.0460985415
    106, 0.0961110964, 0.0635421947
    107, 0.0343714766,  0.135739788
    108,  0.207232282, 0.0187380239
    109,  0.268625945, 0.0182915106
    110,  0.288995564, 0.0182641726
    111,  0.248246342, 0.0183424279
    112,  0.186708152, 0.0190129206
    113,  0.166429952, 0.0194987562
    114,  0.145669684, 0.0209815614
    115,  0.121730864, 0.0261123087
    116,  0.227765456, 0.0184570923
    117,  0.309387624, 0.0184062533
    118, 0.0510543101,   0.13866964
    119, 0.0519150719,  0.183368489
    120, 0.0504203662,  0.168592036
    121, 0.0490469038,  0.154059976
    122,  0.310335457, 0.0371269621
    123, 0.0365066379,  0.116867416
    124,  0.291665316,  0.153294161
    125,  0.292964607,  0.132749364
    126,  0.293769717,  0.112848811
    127,   0.29362759,  0.093490608
    128,  0.292875051, 0.0744386613
    129,  0.311496705,  0.173438117
    130,  0.273503929,  0.213143364
    131,  0.176756442,    0.2157996
    132,  0.196222708,  0.215621322
    133,  0.292262554,  0.231489688
    134, 0.0988388807,  0.214209378
    135,  0.157423347,  0.215957448
    136,  0.234938458,  0.214311004
    137,  0.215542048,  0.215138048
    138,   0.13821511,  0.215812773
    139, 0.0581981279,  0.232318088
    140,  0.254298747,  0.213718355
    141,   0.11888063,  0.215247706
    142,  0.311665356,  0.193033159
    143,  0.250689924, 0.0368142426
    144,  0.270566583, 0.0366925374
    145,   0.19045791, 0.0383825004
    146,  0.210544139, 0.0376332328
    147,  0.230618283, 0.0370481648
    148,  0.290440112, 0.0367772393
    149,  0.171089038, 0.0388822295
    150,   0.31171149,  0.212332532
    151, 0.0670929104,  0.144071341
    152,  0.055582922,  0.198609024
    153, 0.0621160716,  0.154639438
    154, 0.0554876216,   0.12247546
    155,  0.291942984,   0.17362912
    156,  0.275441408, 0.0927241594
    157,  0.274080902, 0.0739734843
    158,  0.275903881,   0.11137455
    159,   0.27522558,  0.130505443
    160, 0.0781886578,   0.21342063
    161,  0.292562753,   0.21268405
    162,  0.215559125,  0.198392257
    163,  0.196548566,  0.199514583
    164,  0.177439094,  0.199913487
    165,  0.234865695,   0.19705455
    166,  0.254220933,   0.19567515
    167,  0.158523619,  0.199787438
    168,  0.139745727,  0.199386165
    169,  0.120888181,  0.198639289
    170,  0.135353193, 0.0458987392
    171,  0.214093879, 0.0566135831
    172,  0.253037333, 0.0553274713
    173,  0.233535022, 0.0557001792
    174,   0.17373693, 0.0606617182
    175,  0.272385806, 0.0552620478
    176,  0.194406614, 0.0581701174
    177,  0.292418927,  0.193446785
    178,  0.291739792, 0.0555058233
    179, 0.0803060755,  0.152795106
    180, 0.0779964998,  0.193434373
    181,  0.273355514,  0.194272503
    182, 0.0698356181,  0.166740865
    183, 0.0575067401,  0.214925349
    184, 0.0731789693,  0.130592063
    185,  0.257205486,  0.092274271
    186,  0.258601278,   0.11028593
    187,   0.25935328,  0.127535164
    188,  0.100981861,  0.196966678
    189,   0.19617711,  0.184044242
    190,  0.214702204,  0.181683272
    191,  0.105431497,  0.180594549
    192,  0.177812055,  0.184587345
    193,  0.253293514,  0.177486956
    194,  0.233906493,  0.179820448
    195,  0.123530984,  0.182366669
    196,  0.159681454,  0.183911011
    197,  0.270320535,  0.152286306
    198,  0.311502516,  0.231272221
    199,  0.152535886, 0.0395157188
    200,  0.146753997, 0.0607568733
    201,  0.184119493, 0.0823393092
    202,  0.236524403, 0.0743161961
    203,  0.218171403, 0.0755366981
    204,  0.200384155, 0.0779805034
    205,  0.110041238,  0.073103562
    206,  0.122060254, 0.0581276007
    207,  0.099389188, 0.0889657065
    208, 0.0942655951,  0.161040291
    209,   0.13523303, 0.0705079436
    210, 0.0880582854,  0.139831409
    211,  0.250535607,   0.16009602
    212,  0.239380136, 0.0926813185
    213,   0.24381645,  0.127989694
    214, 0.0871795714,  0.175483838
    215,  0.191675693,  0.158989564
    216,  0.212207213,  0.163690612
    217,  0.232149109,  0.163105175
    218,  0.272502542,    0.1745065
    219,  0.178145781,  0.169849098
    220,  0.125484526,  0.166313052
    221,  0.161111102,  0.167953789
    222,  0.143164888,  0.166133106
    223,  0.258284539,  0.141504705
    224,  0.255216569, 0.0738378912
    225,  0.159568414, 0.0726956576
    226, 0.0807772204,  0.117276087
    227,  0.222444788, 0.0941845775
    228,  0.206577629, 0.0968953967
    229,  0.192392632,  0.100820616
    230,   0.22614789,  0.112300947
    231,  0.100979954,  0.148567498
    232,  0.109543771,  0.166120127
    233,  0.230954975,  0.146735698
    234,  0.214906245,  0.131158561
    235,   0.17977196,  0.155296072
    236,  0.123865254,  0.149104655
    237,  0.163765222,   0.15197964
    238,  0.144599587,  0.147359028
    239,  0.245947719,  0.144642591
    240,    0.1087543,  0.115191646
    241,  0.169400498, 0.0899542794
    242,  0.197517186,  0.118109472
    243, 0.0963763744,   0.12765272
    244,  0.228975907,  0.129490688
    245,  0.186296076,  0.139625862
    246,  0.115609281, 0.0981446728
    247,  0.171544001,  0.121813312
    248,  0.137258977,  0.134743884
    249,  0.154094473,  0.131377429
    250,  0.180491954,  0.105654523
    251,  0.150970548,  0.100036606
    252,  0.108590133,  0.138514608
    253,  0.125939414,  0.133137152
    254,  0.158600837,  0.117668919
    255,  0.127256379,   0.11857032
    256,  0.138101086, 0.0923974514
    257,  0.141692266,  0.124213628
    258,  0.145866692,  0.111889228
    259,   0.14746137, 0.0812352151
    260,  0.162641838,  0.104705192
    261,  0.211349279,  0.114670768
    262,  0.019154137,  0.116291188
    263,  0.330788553,  0.231046766
    264,  0.089922227,  0.103998557
    265,    0.1244758, 0.0833871886
    266,   0.15686962, 0.0534942821
    267,  0.066685304,  0.180885822
    268,  0.131419554,  0.105314933
    269,  0.111392684,  0.154948249
    270,   0.15576072, 0.0905459672
    271,  0.114438139,  0.129717648
    272,  0.141445339,  0.183115005
    273,  0.171845898,  0.110342197
    274,  0.241855532,  0.110676669
    275,    0.1843808,  0.121465825
    276,  0.168741003,  0.136493891
    277,   0.20113048,  0.133237347
    278,  0.216308489,  0.146769255
    279,  0.194505692,  0.169790104
    280,  0.205369875,  0.144435778
    281,  0.198885053,  0.151741594
        END COORDINATES
      END NODES
%
%     The ELEMENT command defines properties of elements
%     The parameters are no. nodes on the element, no. properties, total no. state variables, integer identifier

      ELEMENTS
        PARAMETERS, 4, 0, 101
%       Define element properties - the values are passed to user subroutine elstif in the order they are listed here
%       For the example provided, the params are Youngs Modulus, Poissons ratio
        PROPERTIES
         100.d0, 0.3d0
        END PROPERTIES
%     Define mass density (for explicity dynamics only)
%       DENSITY, 10.d0
%     Define element connectivity
%     The element number (first number in the list) is optional, and is ignored in the code
        CONNECTIVITY, zone1
  1,  63,  12,  11, 262
  2,  99, 100,  48,  47
  3,  62,  18,  17,  67
  4, 185, 186, 274, 212
  5,  20, 105, 106,   6
  6,   7,   8,  31, 115
  7, 146, 145, 112, 108
  8, 135,  91,  90, 138
  9,   1,   3, 262,  11
 10,  12,  63,  61,  13
 11, 118, 121,  78, 107
 12,  64,  14,  13,  61
 13,  65,  64,  77,  79
 14,  44,  62,  98,  45
 15,  64,  61,  78,  77
 16,  21,   9,  43,  73
 17,  73,  43,  42,  72
 18,  71,  70,  82,  86
 19,  70,  69,  83,  82
 20,  68,  76,  88,  84
 21, 110,  23,  22, 117
 22, 216, 278, 233, 217
 23, 116, 147, 146, 108
 24, 112,  28,  27, 108
 25,  30, 114, 115,  31
 26,  10,  60, 263,  32
 27,  95, 133,  58,  57
 28,  35,  81,  75,  36
 29,  36,  75,  76,  37
 30,  68,  38,  37,  76
 31,  38,  68,  69,  39
 32,  70,  40,  39,  69
 33,  41,  71,  72,  42
 34,  44,   2,  18,  62
 35,  89,  80, 152, 183
 36,  67,  66,  80,  89
 37,  89, 183, 139,  98
 38,  51,  50,  90,  91
 39,  52,  51,  91,  92
 40, 116,  26,  25, 111
 41, 163, 162, 137, 132
 42, 138,  90, 101, 141
 43,  54,  53,  93,  97
 44,  94,  96,  56,  55
 45,  96,  95,  57,  56
 46,  60,  59, 198, 263
 47,   4, 103, 102,  19
 48,  16,  66,  67,  17
 49,  15,  65,  66,  16
 50,   3,  19, 123, 262
 51,  14,  64,  65,  15
 52,  61,  63, 107,  78
 53,  66,  65,  79,  80
 54,  24, 109, 111,  25
 55, 202, 224, 185, 212
 56, 122, 148, 110, 117
 57,  40,  70,  71,  41
 58,  86, 122,  72,  71
 59,  21,  73, 117,  22
 60,  33,  74,  87,  34
 61,  74,  33,  32, 263
 62,  81,  35,  34,  87
 63, 161, 130, 181, 177
 64, 176, 145, 146, 171
 65, 184, 154, 102, 226
 66,  99,  47,  46, 139
 67, 123,  19, 102, 154
 68, 160, 183, 152, 180
 69,  45,  98, 139,  46
 70,  69,  68,  84,  83
 71,  92, 131, 132,  93
 72,  76,  75,  85,  88
 73,  81, 129,  85,  75
 74,  55,  54,  97,  94
 75,  23, 110, 109,  24
 76, 130, 161, 133,  95
 77,  62,  67,  89,  98
 78,  50,  49, 101,  90
 79,   5, 104, 103,   4
 80,  97, 137, 136,  94
 81,  53,  52,  92,  93
 82, 164, 167, 196, 192
 83,  95,  96, 140, 130
 84, 150, 142,  87,  74
 85, 150, 161, 177, 142
 86, 100, 101,  49,  48
 87, 121, 118, 151, 153
 88, 107, 123, 154, 118
 89, 104,   5,   6, 106
 90, 114, 199, 170, 115
 91, 105,  20,   7, 115
 92,  29, 113, 114,  30
 93, 123, 107,  63, 262
 94, 108,  27,  26, 116
 95, 156, 127, 126, 158
 96, 127, 128,  82,  83
 97, 122, 117,  73,  72
 98,  83,  84, 126, 127
 99, 167, 164, 131, 135
100,  28, 112, 113,  29
101, 149, 113, 112, 145
102,  84,  88, 125, 126
103,  80,  79, 119, 152
104, 120, 119,  79,  77
105, 121, 120,  77,  78
106,  86,  82, 128, 178
107, 124, 125,  88,  85
108, 109, 144, 143, 111
109, 173, 147, 143, 172
110, 148, 144, 109, 110
111,  81,  87, 142, 129
112, 140,  96,  94, 136
113, 165, 166, 140, 136
114, 131,  92,  91, 135
115, 225, 174, 201, 241
116,  93, 132, 137,  97
117, 198, 133, 161, 150
118,  59,  58, 133, 198
119, 100, 134, 141, 101
120, 134, 100,  99, 160
121, 168, 138, 141, 169
122, 162, 165, 136, 137
123, 203, 171, 173, 202
124, 153, 151, 179, 182
125, 272, 196, 167, 168
126, 218, 155, 177, 181
127, 208, 214, 182, 179
128, 143, 147, 116, 111
129, 127, 156, 157, 128
130, 230, 227, 212, 274
131, 175, 144, 148, 178
132, 178, 148, 122,  86
133, 128, 157, 175, 178
134, 266, 200, 170, 199
135, 114, 113, 149, 199
136, 198, 150,  74, 263
137, 118, 154, 184, 151
138, 236, 238, 222, 220
139, 267, 119, 120, 182
140, 153, 182, 120, 121
141, 232, 191, 214, 208
142, 162, 190, 194, 165
143, 129, 142, 177, 155
144, 126, 125, 159, 158
145, 159, 125, 124, 197
146, 144, 175, 172, 143
147, 193, 166, 165, 194
148, 183, 160,  99, 139
149, 124,  85, 129, 155
150, 132, 131, 164, 163
151, 145, 176, 174, 149
152, 135, 138, 168, 167
153, 206, 205, 106, 105
154, 130, 140, 166, 181
155, 200, 225, 259, 209
156, 169, 141, 134, 188
157, 214, 180, 267, 182
158, 160, 180, 188, 134
159, 170, 206, 105, 115
160, 171, 146, 147, 173
161, 186, 185, 156, 158
162, 157, 156, 185, 224
163, 172, 224, 202, 173
164, 195, 272, 168, 169
165, 175, 157, 224, 172
166, 192, 196, 221, 219
167, 151, 184, 210, 179
168, 207, 104, 106, 205
169, 267, 180, 152, 119
170, 218, 181, 166, 193
171, 226, 243, 210, 184
172, 211, 197, 218, 193
173, 124, 155, 218, 197
174, 158, 159, 187, 186
175, 163, 164, 192, 189
176, 223, 197, 211, 239
177, 189, 190, 162, 163
178, 191, 195, 169, 188
179, 215, 279, 219, 235
180, 279, 216, 190, 189
181, 217, 233, 239, 211
182, 231, 208, 179, 210
183, 222, 221, 196, 272
184, 266, 199, 149, 174
185, 209, 206, 170, 200
186, 201, 174, 176, 204
187, 204, 176, 171, 203
188, 202, 212, 227, 203
189, 227, 230, 261, 228
190, 103, 104, 207, 264
191, 174, 225, 200, 266
192, 205, 206, 209, 265
193, 226, 102, 103, 264
194, 264, 240, 243, 226
195, 217, 194, 190, 216
196, 186, 187, 213, 274
197, 278, 216, 281, 280
198, 214, 191, 188, 180
199, 189, 192, 219, 279
200, 217, 211, 193, 194
201, 220, 222, 272, 195
202, 204, 228, 229, 201
203, 257, 258, 254, 249
204, 195, 191, 232, 220
205, 238, 237, 221, 222
206, 220, 232, 269, 236
207, 248, 257, 249, 238
208, 223, 187, 159, 197
209, 201, 229, 250, 241
210, 251, 256, 259, 270
211, 240, 255, 253, 271
212, 203, 227, 228, 204
213, 239, 233, 244, 213
214, 277, 242, 261, 234
215, 269, 231, 252, 236
216, 187, 223, 239, 213
217, 232, 208, 231, 269
218, 278, 234, 244, 233
219, 219, 221, 237, 235
220, 276, 245, 235, 237
221, 254, 258, 251, 260
222, 275, 245, 276, 247
223, 207, 205, 265, 246
224, 242, 275, 250, 229
225, 242, 229, 228, 261
226, 261, 230, 244, 234
227, 231, 210, 243, 252
228, 213, 244, 230, 274
229, 245, 277, 280, 281
230, 207, 246, 240, 264
231, 246, 265, 256, 268
232, 237, 238, 249, 276
233, 250, 273, 260, 241
234, 241, 260, 251, 270
235, 254, 260, 273, 247
236, 247, 276, 249, 254
237, 255, 268, 258, 257
238, 248, 238, 236, 253
239, 253, 255, 257, 248
240, 255, 240, 246, 268
241, 209, 259, 256, 265
242, 258, 268, 256, 251
243, 270, 259, 225, 241
244, 273, 250, 275, 247
245, 243, 240, 271, 252
246, 252, 271, 253, 236
247, 275, 242, 277, 245
248, 280, 277, 234, 278
249, 281, 216, 279, 215
250, 235, 245, 281, 215
        END CONNECTIVITY

%     The PROPERTIES, PARAMETERS, CONNECTIVITY keywords can be repeated here to define more set of elements with different properties

        END ELEMENTS
        END MESH

%%%%%%%%%%%%%%%%%%%%%%%%%%%%%%%%%%%%%%% BOUNDARY CONDITIONS %%%%%%%%%%%%%%%%%%%%%%%%%%%%%%%%%%%%%%%%%%%%%

%     The BOUNDARY conditions key starts definition of BCs
      BOUNDARY CONDITIONS

%       The HISTORY key defines a time history that can be applied to DOFs or distributed loads
        HISTORY, dof_history
          0.d0, 0.d0                  % Each line gives a time value and then a function value
         10.d0, 0.001d0
        END HISTORY

        HISTORY, dload_history
          0.d0, 2.d0
         10.d0, 2.d0
        END HISTORY

%       The NODESET key defines a list of nodes

        NODESET, left
  1,  2, 11, 12, 13, 14, 15, 16, 17, 18
        END NODESET
        NODESET, right
  9, 10, 32, 33, 34, 35, 36, 37, 38, 39, 40, 41, 42, 43
        END NODESET
        NODESET, base
  8,  9, 21, 22, 23, 24, 25, 26, 27, 28, 29, 30, 31
        END NODESET
        NODESET, top
  2, 10, 44, 45, 46, 47, 48, 49, 50, 51, 52, 53, 54, 55, 56, 57
 58, 59, 60          
        END NODESET



%       The DEGREE OF FREEDOM key assigns values to nodal DOFs
%       The syntax is node set name, DOF number, VALUE/HISTORY/SUBROUTINE, value/history name/subroutine parameter list name.
%     
        DEGREES OF FREEDOM
           left, 1, VALUE, 0.d0
           right, 1, HISTORY, dof_history
           base, 2, VALUE, 0.d0
        END DEGREES OF FREEDOM



   END BOUNDARY CONDITIONS

%%%%%%%%%%%%%%%%%%%%%%%%%%%%%%%%%%% Mesh printing, error checking %%%%%%%%%%%%%%%%%%%%

%  Print the initial mesh to a file named initial_mesh.dat

   PRINT INITIAL MESH, initial_mesh.dat

%   TIME, VALUE, 0.d0        % Use this to specify the initial time
%   TIME, INCREMENT, 0.01d0  % Use this to specify a time increment (often needed for check stiffness)

%   The CHECK STIFFNESS key tests the element subroutine to ensure that
%   the residual force vector is consistent with the stiffness
       CHECK STIFFNESS, 101




%%%%%%%%%%%%%%%%%%%%%%%%%%%%%%%%%%% Analysis %%%%%%%%%%%%%%%%%%%%%%%%%%%%%%%%%%%%%%%%

   %   The STATIC STEP key initializes a static load step

     STATIC STEP


          INITIAL TIME STEP, 1.d0        % Test of a comment here
          MAX TIME STEP, 1.d0
          MIN TIME STEP, 0.001d0
          MAX NUMBER OF STEPS, 3
          STOP TIME, 10.d0
          STATE PRINT STEP INTERVAL, 1
          USER PRINT STEP INTERVAL, 1



%        The SOLVER key controls the equation solver and Newton-Raphson iterations
%        The options are FACTOR for direct solver, CONJUGATE GRADIENT for cg solver
%        Factor will work on anything but might be slow for large equation systems.   
%        Conjugate gradient works well for elasticity problems but (with the diagonal preconditioner used here) is not so good for unsymmetric matrices
%                        LINEAR for linear equations, NONLINEAR for nonlinear equations
%                        For nonlinear solver, must specify convergence tolerance and max # iterations
%                        UNSYMMETRIC  (optional - only for unsymmetric stiffness)


         SOLVER, DIRECT, LINEAR


%      This prints the DOF values and projected nodal state for all solid elements to a tecplot readable file
%      Nodal variables are printed as
%         X, Y, (Z), Ux, Uy, (Uz), Projected states.
%         The projected states are controlled by the user - see subroutine elstat in file usrelem.f90
%         Also (for this example file) subroutine state_linelast_3dbasic in file el_linelast_3Dbasic.f90
%         In this example the states are the stresses sxx,syy,szz,sxy,sxz,syz
         PRINT STATE, Output_files\contourplots.dat
            DEGREES OF FREEDOM
            FIELD VARIABLES, S11,S22,S33,S12
            DISPLACED MESH
            DISPLACEMENT SCALE FACTOR, 1.d0
         END PRINT STATE




        END STATIC STEP
         

   STOP
