%
%             Demonstration input file for simple general purpose FEA code EN234_FEA
%                                    A.F. Bower, August 2015
%
%             Input file for a simple 2D hole-in-a-plate with 8 noded quadrilateral elements
%
%
% %%%%%%%%%%%%%%%%%%%%%%%%%%%%%%%%%%%% MESH DEFINITION %%%%%%%%%%%%%%%%%%%%%%%%%%%%%%%%%%%%%%%%%%%%%
%
    MESH

%    The NODE command defines properties of the nodes.  
%    The parameters are # of coords, # of DOF, and an optional integer identifier
       NODES
%    The parameters are # of coords, # of DOF, and an optional integer identifier
       PARAMETERS, 2, 2, 1
%      Specify which nodal DOF are displacements.  In the example, DOF 1 is the x displacement, 2 is the y displacement, 3 is the z displacement
       DISPLACEMENT DOF, 1, 2
%    Enter x,y,z coords of nodes.   The node number is optional, and is ignored in the code.
         COORDINATES
       1,           0.,  0.100000001
      2,           0.,         0.25
      3, 0.0195090324, 0.0980785266
      4, 0.0555570237, 0.0831469595
      5, 0.0707106814, 0.0707106814
      6, 0.0831469595, 0.0555570237
      7, 0.0980785266, 0.0195090324
      8,  0.100000001,           0.
      9,  0.349999994,           0.
     10,  0.349999994,         0.25
     11,           0.,  0.116666667
     12,           0.,   0.13333334
     13,           0.,  0.150000006
     14,           0.,  0.166666672
     15,           0.,  0.183333337
     16,           0.,  0.200000003
     17,           0.,  0.216666669
     18,           0.,  0.233333334
     19, 0.0382683426, 0.0923879519
     20, 0.0923879519, 0.0382683426
     21,  0.329166681,           0.
     22,  0.308333337,           0.
     23,  0.287499994,           0.
     24,  0.266666681,           0.
     25,  0.245833337,           0.
     26,  0.224999994,           0.
     27,  0.204166666,           0.
     28,  0.183333337,           0.
     29,  0.162499994,           0.
     30,  0.141666666,           0.
     31,   0.12083333,           0.
     32,  0.349999994,  0.230769232
     33,  0.349999994,  0.211538464
     34,  0.349999994,  0.192307696
     35,  0.349999994,  0.173076928
     36,  0.349999994,   0.15384616
     37,  0.349999994,  0.134615391
     38,  0.349999994,  0.115384616
     39,  0.349999994, 0.0961538479
     40,  0.349999994, 0.0769230798
     41,  0.349999994,  0.057692308
     42,  0.349999994, 0.0384615399
     43,  0.349999994, 0.0192307699
     44, 0.0194444451,         0.25
     45, 0.0388888903,         0.25
     46, 0.0583333336,         0.25
     47, 0.0777777806,         0.25
     48, 0.0972222239,         0.25
     49,  0.116666667,         0.25
     50,   0.13611111,         0.25
     51,  0.155555561,         0.25
     52,  0.174999997,         0.25
     53,  0.194444448,         0.25
     54,  0.213888884,         0.25
     55,  0.233333334,         0.25
     56,  0.252777785,         0.25
     57,  0.272222221,         0.25
     58,  0.291666657,         0.25
     59,  0.311111122,         0.25
     60,  0.330555558,         0.25
     61, 0.0167990588,  0.151336715
     62, 0.0190981906,  0.233322829
     63, 0.0177550167,  0.134237796
     64, 0.0166846663,  0.167803138
     65, 0.0170914624,  0.184125528
     66, 0.0178076681,  0.200415373
     67, 0.0185322948,  0.216774613
     68,  0.330968797,  0.114709564
     69,  0.330982357, 0.0952560008
     70,  0.330837667, 0.0759566501
     71,  0.330558509, 0.0567627251
     72,  0.330205828, 0.0376830325
     73,  0.329762787, 0.0187145453
     74,  0.330908418,  0.211980864
     75,  0.330769688,  0.153847352
     76,  0.330827683,  0.134275034
     77, 0.0333905108,  0.168606892
     78, 0.0331754647,  0.152736455
     79, 0.0345133021,  0.184279233
     80, 0.0361933075,  0.200104699
     81,  0.330778122,  0.173314318
     82,  0.311811537, 0.0751455128
     83,  0.312188655,  0.094400622
     84,  0.312186003,  0.113935523
     85,  0.311509222,  0.153729707
     86,  0.311144918, 0.0560531989
     87,  0.330843031,  0.192701638
     88,  0.311797857,  0.133793682
     89, 0.0375870392,   0.21621868
     90,  0.136979371,  0.232630134
     91,  0.156452671,  0.232605502
     92,  0.175924137,  0.232496113
     93,  0.195435137,  0.232419059
     94,  0.234334186,  0.231953576
     95,  0.273019582,  0.231665522
     96,  0.253697008,    0.2318241
     97,  0.214912146,  0.232283726
     98, 0.0384778157,   0.23294428
     99, 0.0780014992,  0.231876403
    100, 0.0977779999,  0.232055262
    101,  0.117517874,     0.232437
    102, 0.0619881079,  0.106988408
    103, 0.0719299242, 0.0941411182
    104, 0.0838929564,  0.079664968
    105,   0.10804686, 0.0460985415
    106, 0.0961110964, 0.0635421947
    107, 0.0343714766,  0.135739788
    108,  0.207232282, 0.0187380239
    109,  0.268625945, 0.0182915106
    110,  0.288995564, 0.0182641726
    111,  0.248246342, 0.0183424279
    112,  0.186708152, 0.0190129206
    113,  0.166429952, 0.0194987562
    114,  0.145669684, 0.0209815614
    115,  0.121730864, 0.0261123087
    116,  0.227765456, 0.0184570923
    117,  0.309387624, 0.0184062533
    118, 0.0510543101,   0.13866964
    119, 0.0519150719,  0.183368489
    120, 0.0504203662,  0.168592036
    121, 0.0490469038,  0.154059976
    122,  0.310335457, 0.0371269621
    123, 0.0365066379,  0.116867416
    124,  0.291665316,  0.153294161
    125,  0.292964607,  0.132749364
    126,  0.293769717,  0.112848811
    127,   0.29362759,  0.093490608
    128,  0.292875051, 0.0744386613
    129,  0.311496705,  0.173438117
    130,  0.273503929,  0.213143364
    131,  0.176756442,    0.2157996
    132,  0.196222708,  0.215621322
    133,  0.292262554,  0.231489688
    134, 0.0988388807,  0.214209378
    135,  0.157423347,  0.215957448
    136,  0.234938458,  0.214311004
    137,  0.215542048,  0.215138048
    138,   0.13821511,  0.215812773
    139, 0.0581981279,  0.232318088
    140,  0.254298747,  0.213718355
    141,   0.11888063,  0.215247706
    142,  0.311665356,  0.193033159
    143,  0.250689924, 0.0368142426
    144,  0.270566583, 0.0366925374
    145,   0.19045791, 0.0383825004
    146,  0.210544139, 0.0376332328
    147,  0.230618283, 0.0370481648
    148,  0.290440112, 0.0367772393
    149,  0.171089038, 0.0388822295
    150,   0.31171149,  0.212332532
    151, 0.0670929104,  0.144071341
    152,  0.055582922,  0.198609024
    153, 0.0621160716,  0.154639438
    154, 0.0554876216,   0.12247546
    155,  0.291942984,   0.17362912
    156,  0.275441408, 0.0927241594
    157,  0.274080902, 0.0739734843
    158,  0.275903881,   0.11137455
    159,   0.27522558,  0.130505443
    160, 0.0781886578,   0.21342063
    161,  0.292562753,   0.21268405
    162,  0.215559125,  0.198392257
    163,  0.196548566,  0.199514583
    164,  0.177439094,  0.199913487
    165,  0.234865695,   0.19705455
    166,  0.254220933,   0.19567515
    167,  0.158523619,  0.199787438
    168,  0.139745727,  0.199386165
    169,  0.120888181,  0.198639289
    170,  0.135353193, 0.0458987392
    171,  0.214093879, 0.0566135831
    172,  0.253037333, 0.0553274713
    173,  0.233535022, 0.0557001792
    174,   0.17373693, 0.0606617182
    175,  0.272385806, 0.0552620478
    176,  0.194406614, 0.0581701174
    177,  0.292418927,  0.193446785
    178,  0.291739792, 0.0555058233
    179, 0.0803060755,  0.152795106
    180, 0.0779964998,  0.193434373
    181,  0.273355514,  0.194272503
    182, 0.0698356181,  0.166740865
    183, 0.0575067401,  0.214925349
    184, 0.0731789693,  0.130592063
    185,  0.257205486,  0.092274271
    186,  0.258601278,   0.11028593
    187,   0.25935328,  0.127535164
    188,  0.100981861,  0.196966678
    189,   0.19617711,  0.184044242
    190,  0.214702204,  0.181683272
    191,  0.105431497,  0.180594549
    192,  0.177812055,  0.184587345
    193,  0.253293514,  0.177486956
    194,  0.233906493,  0.179820448
    195,  0.123530984,  0.182366669
    196,  0.159681454,  0.183911011
    197,  0.270320535,  0.152286306
    198,  0.311502516,  0.231272221
    199,  0.152535886, 0.0395157188
    200,  0.146753997, 0.0607568733
    201,  0.184119493, 0.0823393092
    202,  0.236524403, 0.0743161961
    203,  0.218171403, 0.0755366981
    204,  0.200384155, 0.0779805034
    205,  0.110041238,  0.073103562
    206,  0.122060254, 0.0581276007
    207,  0.099389188, 0.0889657065
    208, 0.0942655951,  0.161040291
    209,   0.13523303, 0.0705079436
    210, 0.0880582854,  0.139831409
    211,  0.250535607,   0.16009602
    212,  0.239380136, 0.0926813185
    213,   0.24381645,  0.127989694
    214, 0.0871795714,  0.175483838
    215,  0.191675693,  0.158989564
    216,  0.212207213,  0.163690612
    217,  0.232149109,  0.163105175
    218,  0.272502542,    0.1745065
    219,  0.178145781,  0.169849098
    220,  0.125484526,  0.166313052
    221,  0.161111102,  0.167953789
    222,  0.143164888,  0.166133106
    223,  0.258284539,  0.141504705
    224,  0.255216569, 0.0738378912
    225,  0.159568414, 0.0726956576
    226, 0.0807772204,  0.117276087
    227,  0.222444788, 0.0941845775
    228,  0.206577629, 0.0968953967
    229,  0.192392632,  0.100820616
    230,   0.22614789,  0.112300947
    231,  0.100979954,  0.148567498
    232,  0.109543771,  0.166120127
    233,  0.230954975,  0.146735698
    234,  0.214906245,  0.131158561
    235,   0.17977196,  0.155296072
    236,  0.123865254,  0.149104655
    237,  0.163765222,   0.15197964
    238,  0.144599587,  0.147359028
    239,  0.245947719,  0.144642591
    240,    0.1087543,  0.115191646
    241,  0.169400498, 0.0899542794
    242,  0.197517186,  0.118109472
    243, 0.0963763744,   0.12765272
    244,  0.228975907,  0.129490688
    245,  0.186296076,  0.139625862
    246,  0.115609281, 0.0981446728
    247,  0.171544001,  0.121813312
    248,  0.137258977,  0.134743884
    249,  0.154094473,  0.131377429
    250,  0.180491954,  0.105654523
    251,  0.150970548,  0.100036606
    252,  0.108590133,  0.138514608
    253,  0.125939414,  0.133137152
    254,  0.158600837,  0.117668919
    255,  0.127256379,   0.11857032
    256,  0.138101086, 0.0923974514
    257,  0.141692266,  0.124213628
    258,  0.145866692,  0.111889228
    259,   0.14746137, 0.0812352151
    260,  0.162641838,  0.104705192
    261,  0.211349279,  0.114670768
    262,  0.019154137,  0.116291188
    263,  0.330788553,  0.231046766
    264,  0.089922227,  0.103998557
    265,    0.1244758, 0.0833871886
    266,   0.15686962, 0.0534942821
    267,  0.066685304,  0.180885822
    268,  0.131419554,  0.105314933
    269,  0.111392684,  0.154948249
    270,   0.15576072, 0.0905459672
    271,  0.114438139,  0.129717648
    272,  0.141445339,  0.183115005
    273,  0.171845898,  0.110342197
    274,  0.241855532,  0.110676669
    275,    0.1843808,  0.121465825
    276,  0.168741003,  0.136493891
    277,   0.20113048,  0.133237347
    278,  0.216308489,  0.146769255
    279,  0.194505692,  0.169790104
    280,  0.205369875,  0.144435778
    281,  0.198885053,  0.151741594
    282, 0.00887750834,  0.133785576
    283,           0.,        0.125
    284, 0.0095770685,  0.116478927
    285, 0.0184545778,  0.125264496
    286, 0.0878897458,   0.23196584
    287, 0.0975001156,  0.241027623
    288,  0.087500006,         0.25
    289, 0.0778896362,  0.240938202
    290, 0.0095490953,  0.233328074
    291,           0.,  0.224999994
    292, 0.00926614739,  0.216720641
    293, 0.0188152418,  0.225048721
    294,  0.257903397,  0.101280101
    295,  0.250228405,  0.110481299
    296,  0.240617841,  0.101678997
    297,  0.248292804, 0.0924777985
    298,  0.100217402, 0.0421834439
    299,  0.102078974, 0.0548203662
    300, 0.0896290243, 0.0595496073
    301, 0.0881921276, 0.0471396744
    302, 0.0995184705, 0.00980171468
    303,  0.110416666,           0.
    304,  0.121282101, 0.0130561544
    305,  0.109904692, 0.0228106715
    306,  0.200501025, 0.0380078666
    307,  0.188583031, 0.0286977105
    308,  0.196970224, 0.0188754722
    309,  0.208888203, 0.0281856284
    310,  0.156938016,  0.224281475
    311,  0.146716028,  0.232617825
    312,  0.137597233,  0.224221453
    313,  0.147819221,  0.215885103
    314, 0.00980171468, 0.0995184705
    315, 0.0193315856,  0.107184857
    316,           0.,  0.108333334
    317, 0.0172770377,  0.142787248
    318, 0.00839952938,  0.150668353
    319,           0.,  0.141666681
    320, 0.0500506088,  0.146364808
    321, 0.0411111861,  0.153398216
    322, 0.0337734707,  0.144238114
    323, 0.0427128933,  0.137204707
    324, 0.00834233314,  0.167234898
    325,           0.,  0.158333331
    326, 0.0167418625,  0.159569919
    327, 0.0168880634,  0.175964326
    328, 0.0250375886,  0.168205023
    329, 0.0339519083,   0.17644307
    330, 0.0258023813,  0.184202373
    331, 0.0192713179,  0.241661415
    332, 0.0287880041,  0.233133554
    333, 0.0386833549,   0.24147214
    334, 0.0291666687,         0.25
    335, 0.0249872617,  0.152036577
    336, 0.0332829878,  0.160671681
    337,  0.339583337,           0.
    338,  0.349999994, 0.00961538497
    339,   0.33988139, 0.0189726576
    340,  0.329464734, 0.00935727265
    341,  0.349999994, 0.0288461559
    342,  0.340102911,  0.038072288
    343,  0.329984307, 0.0281987898
    344,  0.330698073, 0.0663596839
    345,  0.321324587, 0.0755510777
    346,  0.311478227, 0.0655993521
    347,  0.320851713,  0.056407962
    348,  0.330910027, 0.0856063217
    349,  0.321585506, 0.0948283076
    350,  0.312000096, 0.0847730637
    351,  0.330898225,  0.124492303
    352,  0.321312785,  0.134034365
    353,   0.31199193,  0.123864606
    354,    0.3215774,  0.114322543
    355,  0.288247764, 0.0091320863
    356,  0.297916651,           0.
    357,  0.308860481, 0.00920312665
    358,  0.299191594,  0.018335212
    359,  0.214257851,  0.155229926
    360,   0.22363174,  0.146752477
    361,  0.231552035,  0.154920429
    362,  0.222178161,  0.163397893
    363,  0.229191869, 0.0277526285
    364,  0.220581204, 0.0373407006
    365,  0.217498869, 0.0185975581
    366,  0.185020745, 0.00950646028
    367,  0.193749994,           0.
    368,  0.205699474, 0.00936901197
    369,  0.143668175, 0.0104907807
    370,  0.133700281, 0.0235469341
    371,  0.131249994,           0.
    372,  0.340277791,         0.25
    373,  0.330672055,  0.240523383
    374,  0.340394258,  0.230908006
    375,  0.349999994,  0.240384609
    376,  0.282641053,  0.231577605
    377,  0.291964591,  0.240744844
    378,  0.281944454,         0.25
    379,  0.272620916,  0.240832761
    380,  0.340389073,   0.17319563
    381,   0.33077389,  0.163580835
    382,  0.340384841,  0.153846756
    383,  0.349999994,  0.163461536
    384,  0.330798686,  0.144061193
    385,  0.340413839,   0.13444522
    386,  0.349999994,  0.144230783
    387,  0.340484381,   0.11504709
    388,  0.349999994,        0.125
    389,  0.330975592,  0.104982778
    390,  0.340491176,  0.095704928
    391,  0.349999994,  0.105769232
    392,  0.340418816, 0.0764398649
    393,  0.349999994, 0.0865384638
    394,  0.340279251, 0.0572275147
    395,  0.330382168, 0.0472228788
    396,  0.349999994, 0.0480769239
    397, 0.00972222257,         0.25
    398,           0.,  0.241666675
    399, 0.0368901715,  0.208161682
    400, 0.0458881147,  0.199356854
    401, 0.0565448329,  0.206767187
    402, 0.0475468896,  0.215572014
    403, 0.0181699805,  0.208594993
    404, 0.0270004869,  0.200260043
    405,  0.028059667,  0.216496646
    406, 0.0578524321,  0.223621726
    407, 0.0483379737,  0.232631177
    408, 0.0380324274,   0.22458148
    409,  0.145833343,         0.25
    410,  0.136545241,  0.241315067
    411,  0.156004116,  0.241302758
    412,  0.165277779,         0.25
    413,  0.166188404,    0.2325508
    414,  0.175462067,  0.241248056
    415,  0.226382732, 0.00922854617
    416,  0.235416666,           0.
    417,   0.24703984, 0.00917121395
    418,  0.238005906, 0.0183997601
    419,  0.206053853,   0.19895342
    420,  0.215550587,  0.206765145
    421,   0.20588237,  0.215379685
    422,  0.196385637,   0.20756796
    423,  0.127248615,  0.232533574
    424,  0.118199252,  0.223842353
    425,  0.128547877,  0.215530246
    426,  0.204166666,         0.25
    427,  0.194939792,  0.241209537
    428,  0.205173641,  0.232351393
    429,  0.214400515,  0.241141856
    430,  0.244015604,  0.231888831
    431,  0.253237396,   0.24091205
    432,  0.243055552,         0.25
    433,   0.23383376,  0.240976781
    434,  0.263358295,  0.231744811
    435,  0.262499988,         0.25
    436,  0.320833325,         0.25
    437,  0.311306834,   0.24063611
    438,  0.321145535,  0.231159493
    439, 0.0637434721, 0.0886440426
    440,  0.066959016,  0.100564763
    441, 0.0501282252, 0.0996881798
    442, 0.0471396744, 0.0881921276
    443, 0.00890383404,   0.20020768
    444,           0.,  0.208333343
    445, 0.00854573119,   0.18372944
    446, 0.0174495652,  0.192270458
    447,           0.,  0.191666663
    448, 0.0290284678, 0.0956940353
    449, 0.0373874903,  0.104627684
    450, 0.0278303884,  0.116579302
    451,           0.,  0.175000012
    452, 0.0260632467,  0.134988785
    453,  0.035353303,  0.192191958
    454,  0.267646313, 0.00914575532
    455,  0.258436143, 0.0183169693
    456,  0.256250024,           0.
    457,  0.245870486,   0.07407704
    458,  0.256211042, 0.0830560774
    459,  0.237952262, 0.0834987611
    460,    0.3003878, 0.0369521007
    461,  0.289717853,  0.027520705
    462,  0.309861541, 0.0277666077
    463,  0.349999994, 0.0673076957
    464,  0.310740173, 0.0465900823
    465,  0.320270658, 0.0374049991
    466,  0.319575191, 0.0185603984
    467,  0.318750024,           0.
    468,  0.340454221,  0.211759657
    469,  0.330875725,  0.202341259
    470,  0.340421498,  0.192504674
    471,  0.349999994,  0.201923072
    472,  0.349999994,  0.221153855
    473,  0.330848485,  0.221513808
    474,  0.349999994,  0.182692319
    475,  0.330810577,  0.183007985
    476,  0.283033341,  0.212913707
    477,  0.273429722,  0.203707933
    478,   0.28288722,  0.193859637
    479,   0.29249084,  0.203065425
    480,  0.192432255, 0.0482763089
    481,  0.212319016, 0.0471234098
    482,  0.204250246, 0.0573918521
    483, 0.0643332973,  0.126533762
    484, 0.0587378666,  0.114731938
    485, 0.0713826641,  0.112132251
    486, 0.0769780949,  0.123934075
    487, 0.0680555552,         0.25
    488, 0.0582657307,  0.241159052
    489, 0.0680998117,  0.232097238
    490, 0.0459971279,  0.119671434
    491, 0.0678476989,  0.214172989
    492,  0.066789709,  0.196021706
    493, 0.0780925751,  0.203427494
    494, 0.0486111119,         0.25
    495,  0.312187314,  0.104168072
    496,  0.176340282,  0.224147856
    497,  0.186489582,  0.215710461
    498,  0.195828915,  0.224020183
    499,  0.185679644,  0.232457578
    500,  0.321139455,  0.153788537
    501,  0.311653554,  0.143761694
    502,  0.321137428,  0.173376217
    503,  0.311502963,  0.163583905
    504,  0.223611116,         0.25
    505,  0.224623173,  0.232118651
    506,   0.27881074, 0.0182778426
    507,  0.277083337,           0.
    508,  0.292412639,  0.222086877
    509,  0.273261756,   0.22240445
    510,  0.126388893,         0.25
    511,  0.117092267,  0.241218507
    512, 0.0773018152, 0.0751878247
    513, 0.0779114366, 0.0869030431
    514, 0.0634393319, 0.0773010477
    515,  0.215227097,  0.223710895
    516,   0.22524026,  0.214724526
    517,  0.234636322,  0.223132282
    518,  0.184722215,         0.25
    519,  0.167981356,   0.19985047
    520,  0.159102529,  0.191849232
    521,  0.168746755,  0.184249178
    522,  0.177625567,  0.192250416
    523,  0.253997862,  0.222771227
    524,  0.263901353,  0.213430852
    525,  0.311688423,  0.202682853
    526,  0.321254194,  0.192867398
    527,  0.321309954,  0.212156698
    528,  0.302137136,  0.212508291
    529,  0.302042127,  0.193239972
    530,  0.107647941,  0.232246131
    531,  0.106944442,         0.25
    532, 0.0590736121,   0.14137049
    533,  0.064604491,  0.149355382
    534, 0.0555814877,  0.154349715
    535, 0.0354390591,  0.126303598
    536, 0.0532709658,  0.130572557
    537, 0.0773010477, 0.0634393319
    538, 0.0900020301, 0.0716035813
    539,  0.149102777, 0.0302486401
    540,  0.143944532, 0.0427072272
    541,  0.128542036, 0.0360055231
    542, 0.0956940353, 0.0290284678
    543,  0.114888862, 0.0361054242
    544,   0.16446498, 0.00974937808
    545,  0.156049818, 0.0202401578
    546,  0.152083337,           0.
    547,  0.214583337,           0.
    548,  0.284534514, 0.0931073874
    549,  0.293698668,  0.103169709
    550,  0.284836799,   0.11211168
    551,  0.275672644,  0.102049351
    552,  0.293251336,  0.083964631
    553,  0.302343309, 0.0747920871
    554,  0.302908123,  0.093945615
    555,   0.30297786,  0.113392167
    556,  0.177097768,  0.207856536
    557,  0.167089894,  0.215878516
    558,  0.157973483,   0.20787245
    559,  0.176569045, 0.0192558393
    560,  0.172916666,           0.
    561,  0.168759495, 0.0291904919
    562,  0.180773467, 0.0386323631
    563,  0.302381217,  0.133271515
    564,  0.293367147,  0.122799084
    565,  0.043214187,  0.183823854
    566, 0.0537489951,  0.190988749
    567, 0.0511677191,   0.17598027
    568, 0.0419054404,  0.168599457
    569,  0.049733635,  0.161326006
    570,  0.292307436, 0.0649722442
    571,  0.301442355, 0.0557795092
    572,  0.292314947,  0.143021762
    573,  0.301587284,  0.153511941
    574,  0.269596279,  0.027492024
    575,  0.260628253,   0.03675339
    576,  0.249468133, 0.0275783353
    577,  0.232076645,  0.046374172
    578,  0.240654111, 0.0369312018
    579,  0.251863629, 0.0460708588
    580,  0.243286178, 0.0555138253
    581,  0.280503333, 0.0367348865
    582,  0.311581016,  0.183235645
    583,  0.244618595,  0.214014679
    584,  0.244543314,   0.19636485
    585,  0.254259825,  0.204696745
    586,  0.234902084,  0.205682784
    587,  0.166652679, 0.0666786879
    588,  0.178928211,   0.07150051
    589,  0.176759988, 0.0861467943
    590,  0.164484456, 0.0813249648
    591,  0.301882535,  0.231380954
    592,  0.311607003,  0.221802384
    593,   0.30138889,         0.25
    594,  0.098308444,  0.223132312
    595,  0.108859755,  0.214728534
    596, 0.0780950785,  0.222648516
    597, 0.0885137692,  0.213815004
    598,  0.138980418,  0.207599461
    599,  0.119884402,  0.206943497
    600,  0.130316958,  0.199012727
    601,   0.22521241,  0.197723404
    602,  0.216132641, 0.0660751387
    603,  0.223814458, 0.0561568812
    604,  0.235029712, 0.0650081858
    605,   0.22734791, 0.0749264508
    606, 0.0736994892,  0.148433223
    607, 0.0750708431,  0.159767985
    608, 0.0659758449,  0.160690159
    609,  0.150563389,  0.183513016
    610,  0.149134666,  0.199586809
    611,  0.140595526,  0.191250592
    612,  0.282222748,   0.17406781
    613,  0.292180955,   0.18353796
    614,  0.272929013,  0.184389502
    615, 0.0907225832,  0.168262064
    616, 0.0785075948,  0.171112359
    617, 0.0872858316,  0.156917691
    618,   0.27476114, 0.0833488256
    619,  0.283477962, 0.0742060691
    620,  0.224296331,  0.103242762
    621,  0.230912462,  0.093432948
    622,  0.234001711,  0.111488804
    623,  0.271476209, 0.0459772944
    624,  0.291089952, 0.0461415313
    625,  0.282062799, 0.0553839356
    626,  0.273233354, 0.0646177679
    627,  0.151811808, 0.0571255758
    628,  0.141053587, 0.0533278063
    629,  0.154702753, 0.0465050004
    630,  0.161812454, 0.0391989723
    631, 0.0701359361,  0.137331694
    632,  0.134232417,  0.148231834
    633,  0.143882245,   0.15674606
    634,    0.1343247,  0.166223079
    635,  0.124674886,  0.157708853
    636,  0.059300188,  0.182127148
    637, 0.0601279922,   0.16766645
    638, 0.0682604611,  0.173813343
    639,  0.107487634,  0.173357338
    640, 0.0963055342,  0.178039193
    641,  0.101904683,  0.163580209
    642,  0.215130657,  0.190037757
    643,  0.224304348,   0.18075186
    644,  0.234386086,  0.188437492
    645,  0.301719844,  0.173533618
    646,  0.284095109,  0.131627411
    647,   0.27556473,      0.12094
    648,  0.280992925,  0.152790233
    649,  0.272773057,  0.141395867
    650,  0.262711585, 0.0552947596
    651,  0.253757238,  0.186581045
    652,  0.243600011,  0.178653702
    653,  0.291804135,   0.16346164
    654,  0.186993837,  0.199714035
    655,  0.184071779, 0.0594159178
    656,  0.172412992,  0.049771972
    657,   0.11605075, 0.0656155795
    658,  0.103076167, 0.0683228821
    659,  0.115053557, 0.0521130711
    660,  0.263788223,  0.194973826
    661,  0.153161198, 0.0667262673
    662,  0.153514892, 0.0769654363
    663,    0.1413472, 0.0758715793
    664,  0.140993506, 0.0656324103
    665,  0.099910371,  0.205588028
    666,  0.110935017,  0.197802991
    667, 0.0825880319,  0.184459105
    668, 0.0723409057,  0.187160105
    669, 0.0894891769,  0.195200533
    670,  0.128706723,   0.05201317
    671,  0.266323447, 0.0924992114
    672,  0.267252564,   0.11083024
    673,  0.264648736, 0.0739056915
    674,  0.254126966, 0.0645826831
    675,  0.132488161,  0.182740837
    676,  0.122209579,  0.190502971
    677,  0.160396278,  0.175932407
    678,  0.169628441,  0.168901443
    679,  0.177978918,  0.177218229
    680, 0.0806186274,  0.135211736
    681, 0.0841821805,   0.14631325
    682, 0.0916410685, 0.0843153372
    683,  0.104715213, 0.0810346305
    684,  0.262898028,  0.175996721
    685, 0.0885767937,  0.122464404
    686, 0.0922173262,  0.133742064
    687,  0.260428071,   0.15619117
    688,  0.271411538,  0.163396403
    689,  0.251914561,  0.168791488
    690,   0.26728943,  0.129020303
    691,  0.258977294,  0.118910551
    692,  0.186994582,  0.184315801
    693,  0.196362838,  0.191779405
    694,  0.264302552,  0.146895498
    695,  0.248241663,  0.152369305
    696,  0.252116144,  0.143073648
    697,  0.205439657,  0.182863757
    698,  0.114481241,  0.181480616
    699,  0.103206679,  0.188780606
    700,  0.193090692,  0.164389834
    701,  0.186325729,  0.169819593
    702,  0.178958863,  0.162572592
    703,  0.185723826,  0.157142818
    704,  0.203356445,  0.166740358
    705,  0.213454708,  0.172686934
    706,  0.195341408,  0.176917166
    707,  0.238451347,  0.145689145
    708,  0.241342366,   0.16160059
    709, 0.0976227745,  0.154803902
    710, 0.0945191234,  0.144199461
    711,  0.152137995,  0.167043447
    712,  0.142305106,  0.174624056
    713,  0.165303275, 0.0570780002
    714,  0.128646642, 0.0643177703
    715,  0.197395384, 0.0680753142
    716,  0.192251831, 0.0801599026
    717,  0.209277779, 0.0767586008
    718,  0.220308095, 0.0848606378
    719,  0.218748584,  0.113485858
    720,  0.208963454,  0.105783083
    721,  0.214511216, 0.0955399871
    722, 0.0946557075, 0.0964821279
    723, 0.0809260756, 0.0990698338
    724,  0.129854411, 0.0769475698
    725,  0.117258519, 0.0782453716
    726, 0.0853497237,  0.110637322
    727, 0.0993382633,  0.109595105
    728,  0.102565333,  0.121422186
    729,  0.233027801,  0.171462804
    730,  0.251584858,  0.127762437
    731,  0.242835999,  0.119333178
    732,  0.205546141,  0.157716095
    733,  0.202127457,  0.148088694
    734,  0.210839182,  0.145602524
    735,  0.124507755,  0.174339861
    736,  0.203480899, 0.0874379501
    737,  0.199485123, 0.0988580063
    738,  0.188256055, 0.0915799588
    739,  0.143779486,  0.118051425
    740,  0.152233765,   0.11477907
    741,  0.156347662,  0.124523178
    742,  0.147893369,  0.127795532
    743,  0.117514148,  0.166216582
    744,  0.154182404,  0.149669334
    745,  0.162438154,  0.159966707
    746,  0.110468224,  0.160534188
    747,  0.117628969,  0.152026445
    748,  0.139475614,  0.129478753
    749,  0.149347037,  0.139368236
    750,  0.140929282,  0.141051456
    751,  0.258818924,  0.134519935
    752,  0.186442286,  0.103237569
    753,  0.174946219, 0.0978043973
    754,   0.14453581, 0.0962170288
    755,  0.142781228, 0.0868163332
    756,  0.151611045, 0.0858905911
    757,  0.153365642, 0.0952912867
    758,  0.118005335,  0.116880983
    759,  0.126597896,  0.125853732
    760,  0.120188773,  0.131427407
    761,  0.111596219,  0.122454643
    762,  0.229965448,  0.138113201
    763,  0.236396179,  0.128740191
    764,  0.244882077,   0.13631615
    765,  0.199323833,  0.125673413
    766,  0.204433233,  0.116390124
    767,  0.213127762,  0.122914664
    768,  0.208018363,  0.132197946
    769,  0.106186315,  0.151757866
    770,   0.10478504,  0.143541053
    771,  0.116227694,  0.143809631
    772,  0.215607375,  0.138963908
    773,  0.221941084,  0.130324632
    774,  0.171768591,  0.153637856
    775,  0.177518547,  0.138059884
    776,  0.183034018,  0.147460967
    777,   0.16625312,  0.144236773
    778,   0.14841862,  0.105962917
    779,  0.156806201,  0.102370903
    780,  0.160621345,  0.111187056
    781,  0.185338438,   0.13054584
    782,  0.170142502,  0.129153609
    783,  0.177962393,  0.121639565
    784,   0.12004254, 0.0907659307
    785,  0.107499234, 0.0935551897
    786,  0.190948993,  0.119787648
    787,  0.182436377,   0.11356017
    788,  0.194954902,  0.109465048
    789,  0.227561891,  0.120895818
    790,  0.102483258,  0.133083671
    791,  0.193713278,  0.136431605
    792,   0.20325017,  0.138836563
    793,  0.192590564,  0.145683736
    794,   0.11218179,  0.106668159
    795,  0.131288439, 0.0878923237
    796,   0.13476032, 0.0988561958
    797,  0.123514414,  0.101729803
    798,  0.161417738,   0.13393566
    799,  0.176168919,  0.107998356
    800,  0.167243868,  0.107523695
    801,  0.166021168, 0.0973297358
    802,  0.162580609, 0.0902501196
    803,  0.171694949,  0.116077751
    804,  0.165072411,  0.119741112
    805,  0.129337966,  0.111942627
    806,  0.138643116,  0.108602077
    807,  0.134474322,  0.121391974
    808,  0.124902338,  0.141120911
    809,  0.131599188,  0.133940518
    810,  0.111514136,  0.134116128
    811,  0.195280373,  0.155365586
        END COORDINATES
      END NODES
%
%     The ELEMENT command defines properties of elements
%     The parameters are no. nodes on the element, no. properties, total no. state variables, integer identifier

      ELEMENTS
        PARAMETERS, 8, 0, 101
%       Define element properties - the values are passed to user subroutine elstif in the order they are listed here
%       For the example provided, the params are Youngs Modulus, Poissons ratio
        PROPERTIES
         100.d0, 0.3d0
        END PROPERTIES
%     Define mass density (for explicity dynamics only)
%       DENSITY, 10.d0
%     Define element connectivity
%     The element number (first number in the list) is optional, and is ignored in the code
        CONNECTIVITY, zone1
  1,  63,  12,  11, 262, 282, 283, 284, 285
  2,  99, 100,  48,  47, 286, 287, 288, 289
  3,  62,  18,  17,  67, 290, 291, 292, 293
  4, 185, 186, 274, 212, 294, 295, 296, 297
  5,  20, 105, 106,   6, 298, 299, 300, 301
  6,   7,   8,  31, 115, 302, 303, 304, 305
  7, 146, 145, 112, 108, 306, 307, 308, 309
  8, 135,  91,  90, 138, 310, 311, 312, 313
  9,   1,   3, 262,  11, 314, 315, 284, 316
 10,  12,  63,  61,  13, 282, 317, 318, 319
 11, 118, 121,  78, 107, 320, 321, 322, 323
 12,  64,  14,  13,  61, 324, 325, 318, 326
 13,  65,  64,  77,  79, 327, 328, 329, 330
 14,  44,  62,  98,  45, 331, 332, 333, 334
 15,  64,  61,  78,  77, 326, 335, 336, 328
 16,  21,   9,  43,  73, 337, 338, 339, 340
 17,  73,  43,  42,  72, 339, 341, 342, 343
 18,  71,  70,  82,  86, 344, 345, 346, 347
 19,  70,  69,  83,  82, 348, 349, 350, 345
 20,  68,  76,  88,  84, 351, 352, 353, 354
 21, 110,  23,  22, 117, 355, 356, 357, 358
 22, 216, 278, 233, 217, 359, 360, 361, 362
 23, 116, 147, 146, 108, 363, 364, 309, 365
 24, 112,  28,  27, 108, 366, 367, 368, 308
 25,  30, 114, 115,  31, 369, 370, 304, 371
 26,  10,  60, 263,  32, 372, 373, 374, 375
 27,  95, 133,  58,  57, 376, 377, 378, 379
 28,  35,  81,  75,  36, 380, 381, 382, 383
 29,  36,  75,  76,  37, 382, 384, 385, 386
 30,  68,  38,  37,  76, 387, 388, 385, 351
 31,  38,  68,  69,  39, 387, 389, 390, 391
 32,  70,  40,  39,  69, 392, 393, 390, 348
 33,  41,  71,  72,  42, 394, 395, 342, 396
 34,  44,   2,  18,  62, 397, 398, 290, 331
 35,  89,  80, 152, 183, 399, 400, 401, 402
 36,  67,  66,  80,  89, 403, 404, 399, 405
 37,  89, 183, 139,  98, 402, 406, 407, 408
 38,  51,  50,  90,  91, 409, 410, 311, 411
 39,  52,  51,  91,  92, 412, 411, 413, 414
 40, 116,  26,  25, 111, 415, 416, 417, 418
 41, 163, 162, 137, 132, 419, 420, 421, 422
 42, 138,  90, 101, 141, 312, 423, 424, 425
 43,  54,  53,  93,  97, 426, 427, 428, 429
 44,  94,  96,  56,  55, 430, 431, 432, 433
 45,  96,  95,  57,  56, 434, 379, 435, 431
 46,  60,  59, 198, 263, 436, 437, 438, 373
 47,   4, 103, 102,  19, 439, 440, 441, 442
 48,  16,  66,  67,  17, 443, 403, 292, 444
 49,  15,  65,  66,  16, 445, 446, 443, 447
 50,   3,  19, 123, 262, 448, 449, 450, 315
 51,  14,  64,  65,  15, 324, 327, 445, 451
 52,  61,  63, 107,  78, 317, 452, 322, 335
 53,  66,  65,  79,  80, 446, 330, 453, 404
 54,  24, 109, 111,  25, 454, 455, 417, 456
 55, 202, 224, 185, 212, 457, 458, 297, 459
 56, 122, 148, 110, 117, 460, 461, 358, 462
 57,  40,  70,  71,  41, 392, 344, 394, 463
 58,  86, 122,  72,  71, 464, 465, 395, 347
 59,  21,  73, 117,  22, 340, 466, 357, 467
 60,  33,  74,  87,  34, 468, 469, 470, 471
 61,  74,  33,  32, 263, 468, 472, 374, 473
 62,  81,  35,  34,  87, 380, 474, 470, 475
 63, 161, 130, 181, 177, 476, 477, 478, 479
 64, 176, 145, 146, 171, 480, 306, 481, 482
 65, 184, 154, 102, 226, 483, 484, 485, 486
 66,  99,  47,  46, 139, 289, 487, 488, 489
 67, 123,  19, 102, 154, 449, 441, 484, 490
 68, 160, 183, 152, 180, 491, 401, 492, 493
 69,  45,  98, 139,  46, 333, 407, 488, 494
 70,  69,  68,  84,  83, 389, 354, 495, 349
 71,  92, 131, 132,  93, 496, 497, 498, 499
 72,  76,  75,  85,  88, 384, 500, 501, 352
 73,  81, 129,  85,  75, 502, 503, 500, 381
 74,  55,  54,  97,  94, 504, 429, 505, 433
 75,  23, 110, 109,  24, 355, 506, 454, 507
 76, 130, 161, 133,  95, 476, 508, 376, 509
 77,  62,  67,  89,  98, 293, 405, 408, 332
 78,  50,  49, 101,  90, 510, 511, 423, 410
 79,   5, 104, 103,   4, 512, 513, 439, 514
 80,  97, 137, 136,  94, 515, 516, 517, 505
 81,  53,  52,  92,  93, 518, 414, 499, 427
 82, 164, 167, 196, 192, 519, 520, 521, 522
 83,  95,  96, 140, 130, 434, 523, 524, 509
 84, 150, 142,  87,  74, 525, 526, 469, 527
 85, 150, 161, 177, 142, 528, 479, 529, 525
 86, 100, 101,  49,  48, 530, 511, 531, 287
 87, 121, 118, 151, 153, 320, 532, 533, 534
 88, 107, 123, 154, 118, 535, 490, 536, 323
 89, 104,   5,   6, 106, 512, 537, 300, 538
 90, 114, 199, 170, 115, 539, 540, 541, 370
 91, 105,  20,   7, 115, 298, 542, 305, 543
 92,  29, 113, 114,  30, 544, 545, 369, 546
 93, 123, 107,  63, 262, 535, 452, 285, 450
 94, 108,  27,  26, 116, 368, 547, 415, 365
 95, 156, 127, 126, 158, 548, 549, 550, 551
 96, 127, 128,  82,  83, 552, 553, 350, 554
 97, 122, 117,  73,  72, 462, 466, 343, 465
 98,  83,  84, 126, 127, 495, 555, 549, 554
 99, 167, 164, 131, 135, 519, 556, 557, 558
100,  28, 112, 113,  29, 366, 559, 544, 560
101, 149, 113, 112, 145, 561, 559, 307, 562
102,  84,  88, 125, 126, 353, 563, 564, 555
103,  80,  79, 119, 152, 453, 565, 566, 400
104, 120, 119,  79,  77, 567, 565, 329, 568
105, 121, 120,  77,  78, 569, 568, 336, 321
106,  86,  82, 128, 178, 346, 553, 570, 571
107, 124, 125,  88,  85, 572, 563, 501, 573
108, 109, 144, 143, 111, 574, 575, 576, 455
109, 173, 147, 143, 172, 577, 578, 579, 580
110, 148, 144, 109, 110, 581, 574, 506, 461
111,  81,  87, 142, 129, 475, 526, 582, 502
112, 140,  96,  94, 136, 523, 430, 517, 583
113, 165, 166, 140, 136, 584, 585, 583, 586
114, 131,  92,  91, 135, 496, 413, 310, 557
115, 225, 174, 201, 241, 587, 588, 589, 590
116,  93, 132, 137,  97, 498, 421, 515, 428
117, 198, 133, 161, 150, 591, 508, 528, 592
118,  59,  58, 133, 198, 593, 377, 591, 437
119, 100, 134, 141, 101, 594, 595, 424, 530
120, 134, 100,  99, 160, 594, 286, 596, 597
121, 168, 138, 141, 169, 598, 425, 599, 600
122, 162, 165, 136, 137, 601, 586, 516, 420
123, 203, 171, 173, 202, 602, 603, 604, 605
124, 153, 151, 179, 182, 533, 606, 607, 608
125, 272, 196, 167, 168, 609, 520, 610, 611
126, 218, 155, 177, 181, 612, 613, 478, 614
127, 208, 214, 182, 179, 615, 616, 607, 617
128, 143, 147, 116, 111, 578, 363, 418, 576
129, 127, 156, 157, 128, 548, 618, 619, 552
130, 230, 227, 212, 274, 620, 621, 296, 622
131, 175, 144, 148, 178, 623, 581, 624, 625
132, 178, 148, 122,  86, 624, 460, 464, 571
133, 128, 157, 175, 178, 619, 626, 625, 570
134, 266, 200, 170, 199, 627, 628, 540, 629
135, 114, 113, 149, 199, 545, 561, 630, 539
136, 198, 150,  74, 263, 592, 527, 473, 438
137, 118, 154, 184, 151, 536, 483, 631, 532
138, 236, 238, 222, 220, 632, 633, 634, 635
139, 267, 119, 120, 182, 636, 567, 637, 638
140, 153, 182, 120, 121, 608, 637, 569, 534
141, 232, 191, 214, 208, 639, 640, 615, 641
142, 162, 190, 194, 165, 642, 643, 644, 601
143, 129, 142, 177, 155, 582, 529, 613, 645
144, 126, 125, 159, 158, 564, 646, 647, 550
145, 159, 125, 124, 197, 646, 572, 648, 649
146, 144, 175, 172, 143, 623, 650, 579, 575
147, 193, 166, 165, 194, 651, 584, 644, 652
148, 183, 160,  99, 139, 491, 596, 489, 406
149, 124,  85, 129, 155, 573, 503, 645, 653
150, 132, 131, 164, 163, 497, 556, 654, 422
151, 145, 176, 174, 149, 480, 655, 656, 562
152, 135, 138, 168, 167, 313, 598, 610, 558
153, 206, 205, 106, 105, 657, 658, 299, 659
154, 130, 140, 166, 181, 524, 585, 660, 477
155, 200, 225, 259, 209, 661, 662, 663, 664
156, 169, 141, 134, 188, 599, 595, 665, 666
157, 214, 180, 267, 182, 667, 668, 638, 616
158, 160, 180, 188, 134, 493, 669, 665, 597
159, 170, 206, 105, 115, 670, 659, 543, 541
160, 171, 146, 147, 173, 481, 364, 577, 603
161, 186, 185, 156, 158, 294, 671, 551, 672
162, 157, 156, 185, 224, 618, 671, 458, 673
163, 172, 224, 202, 173, 674, 457, 604, 580
164, 195, 272, 168, 169, 675, 611, 600, 676
165, 175, 157, 224, 172, 626, 673, 674, 650
166, 192, 196, 221, 219, 521, 677, 678, 679
167, 151, 184, 210, 179, 631, 680, 681, 606
168, 207, 104, 106, 205, 682, 538, 658, 683
169, 267, 180, 152, 119, 668, 492, 566, 636
170, 218, 181, 166, 193, 614, 660, 651, 684
171, 226, 243, 210, 184, 685, 686, 680, 486
172, 211, 197, 218, 193, 687, 688, 684, 689
173, 124, 155, 218, 197, 653, 612, 688, 648
174, 158, 159, 187, 186, 647, 690, 691, 672
175, 163, 164, 192, 189, 654, 522, 692, 693
176, 223, 197, 211, 239, 694, 687, 695, 696
177, 189, 190, 162, 163, 697, 642, 419, 693
178, 191, 195, 169, 188, 698, 676, 666, 699
179, 215, 279, 219, 235, 700, 701, 702, 703
180, 279, 216, 190, 189, 704, 705, 697, 706
181, 217, 233, 239, 211, 361, 707, 695, 708
182, 231, 208, 179, 210, 709, 617, 681, 710
183, 222, 221, 196, 272, 711, 677, 609, 712
184, 266, 199, 149, 174, 629, 630, 656, 713
185, 209, 206, 170, 200, 714, 670, 628, 664
186, 201, 174, 176, 204, 588, 655, 715, 716
187, 204, 176, 171, 203, 715, 482, 602, 717
188, 202, 212, 227, 203, 459, 621, 718, 605
189, 227, 230, 261, 228, 620, 719, 720, 721
190, 103, 104, 207, 264, 513, 682, 722, 723
191, 174, 225, 200, 266, 587, 661, 627, 713
192, 205, 206, 209, 265, 657, 714, 724, 725
193, 226, 102, 103, 264, 485, 440, 723, 726
194, 264, 240, 243, 226, 727, 728, 685, 726
195, 217, 194, 190, 216, 729, 643, 705, 362
196, 186, 187, 213, 274, 691, 730, 731, 295
197, 278, 216, 281, 280, 359, 732, 733, 734
198, 214, 191, 188, 180, 640, 699, 669, 667
199, 189, 192, 219, 279, 692, 679, 701, 706
200, 217, 211, 193, 194, 708, 689, 652, 729
201, 220, 222, 272, 195, 634, 712, 675, 735
202, 204, 228, 229, 201, 736, 737, 738, 716
203, 257, 258, 254, 249, 739, 740, 741, 742
204, 195, 191, 232, 220, 698, 639, 743, 735
205, 238, 237, 221, 222, 744, 745, 711, 633
206, 220, 232, 269, 236, 743, 746, 747, 635
207, 248, 257, 249, 238, 748, 742, 749, 750
208, 223, 187, 159, 197, 751, 690, 649, 694
209, 201, 229, 250, 241, 738, 752, 753, 589
210, 251, 256, 259, 270, 754, 755, 756, 757
211, 240, 255, 253, 271, 758, 759, 760, 761
212, 203, 227, 228, 204, 718, 721, 736, 717
213, 239, 233, 244, 213, 707, 762, 763, 764
214, 277, 242, 261, 234, 765, 766, 767, 768
215, 269, 231, 252, 236, 769, 770, 771, 747
216, 187, 223, 239, 213, 751, 696, 764, 730
217, 232, 208, 231, 269, 641, 709, 769, 746
218, 278, 234, 244, 233, 772, 773, 762, 360
219, 219, 221, 237, 235, 678, 745, 774, 702
220, 276, 245, 235, 237, 775, 776, 774, 777
221, 254, 258, 251, 260, 740, 778, 779, 780
222, 275, 245, 276, 247, 781, 775, 782, 783
223, 207, 205, 265, 246, 683, 725, 784, 785
224, 242, 275, 250, 229, 786, 787, 752, 788
225, 242, 229, 228, 261, 788, 737, 720, 766
226, 261, 230, 244, 234, 719, 789, 773, 767
227, 231, 210, 243, 252, 710, 686, 790, 770
228, 213, 244, 230, 274, 763, 789, 622, 731
229, 245, 277, 280, 281, 791, 792, 733, 793
230, 207, 246, 240, 264, 785, 794, 727, 722
231, 246, 265, 256, 268, 784, 795, 796, 797
232, 237, 238, 249, 276, 744, 749, 798, 777
233, 250, 273, 260, 241, 799, 800, 801, 753
234, 241, 260, 251, 270, 801, 779, 757, 802
235, 254, 260, 273, 247, 780, 800, 803, 804
236, 247, 276, 249, 254, 782, 798, 741, 804
237, 255, 268, 258, 257, 805, 806, 739, 807
238, 248, 238, 236, 253, 750, 632, 808, 809
239, 253, 255, 257, 248, 759, 807, 748, 809
240, 255, 240, 246, 268, 758, 794, 797, 805
241, 209, 259, 256, 265, 663, 755, 795, 724
242, 258, 268, 256, 251, 806, 796, 754, 778
243, 270, 259, 225, 241, 756, 662, 590, 802
244, 273, 250, 275, 247, 799, 787, 783, 803
245, 243, 240, 271, 252, 728, 761, 810, 790
246, 252, 271, 253, 236, 810, 760, 808, 771
247, 275, 242, 277, 245, 786, 765, 791, 781
248, 280, 277, 234, 278, 792, 768, 772, 734
249, 281, 216, 279, 215, 732, 704, 700, 811
250, 235, 245, 281, 215, 776, 793, 811, 703
        END CONNECTIVITY

%     The PROPERTIES, PARAMETERS, CONNECTIVITY keywords can be repeated here to define more set of elements with different properties

        END ELEMENTS
        END MESH

%%%%%%%%%%%%%%%%%%%%%%%%%%%%%%%%%%%%%%% BOUNDARY CONDITIONS %%%%%%%%%%%%%%%%%%%%%%%%%%%%%%%%%%%%%%%%%%%%%

%     The BOUNDARY conditions key starts definition of BCs
      BOUNDARY CONDITIONS

%       The HISTORY key defines a time history that can be applied to DOFs or distributed loads
        HISTORY, dof_history
          0.d0, 0.d0                  % Each line gives a time value and then a function value
         10.d0, 0.001d0
        END HISTORY

 
        NODESET, left
   1,   2,  11,  12,  13,  14,  15,  16,  17,  18, 283, 291, 316, 319, 325, 398
 444, 447, 451
        END NODESET
        NODESET, right
   9,  10,  32,  33,  34,  35,  36,  37,  38,  39,  40,  41,  42,  43, 338, 341
 375, 383, 386, 388, 391, 393, 396, 463, 471, 472, 474
        END NODESET
        NODESET, base
   8,   9,  21,  22,  23,  24,  25,  26,  27,  28,  29,  30,  31, 303, 337, 356
 367, 371, 416, 456, 467, 507, 546, 547, 560
        END NODESET
        NODESET, top
   2,  10,  44,  45,  46,  47,  48,  49,  50,  51,  52,  53,  54,  55,  56,  57
  58,  59,  60, 288, 334, 372, 378, 397, 409, 412, 426, 432, 435, 436, 487, 494
 504, 510, 518, 531, 593          
        END NODESET



%       The DEGREE OF FREEDOM key assigns values to nodal DOFs
%       The syntax is node set name, DOF number, VALUE/HISTORY/SUBROUTINE, value/history name/subroutine parameter list name.
%     
        DEGREES OF FREEDOM
           left, 1, VALUE, 0.d0
           right, 1, HISTORY, dof_history
           base, 2, VALUE, 0.d0
        END DEGREES OF FREEDOM



   END BOUNDARY CONDITIONS

%%%%%%%%%%%%%%%%%%%%%%%%%%%%%%%%%%% Mesh printing, error checking %%%%%%%%%%%%%%%%%%%%

%  Print the initial mesh to a file named initial_mesh.dat

   PRINT INITIAL MESH, initial_mesh.dat

%   TIME, VALUE, 0.d0        % Use this to specify the initial time
%   TIME, INCREMENT, 0.01d0  % Use this to specify a time increment (often needed for check stiffness)

%   The CHECK STIFFNESS key tests the element subroutine to ensure that
%   the residual force vector is consistent with the stiffness
%       CHECK STIFFNESS, 101




%%%%%%%%%%%%%%%%%%%%%%%%%%%%%%%%%%% Analysis %%%%%%%%%%%%%%%%%%%%%%%%%%%%%%%%%%%%%%%%

   %   The STATIC STEP key initializes a static load step

     STATIC STEP


          INITIAL TIME STEP, 1.d0        % Test of a comment here
          MAX TIME STEP, 1.d0
          MIN TIME STEP, 0.001d0
          MAX NUMBER OF STEPS, 3
          STOP TIME, 10.d0
          STATE PRINT STEP INTERVAL, 1
          USER PRINT STEP INTERVAL, 1



%        The SOLVER key controls the equation solver and Newton-Raphson iterations
%        The options are FACTOR for direct solver, CONJUGATE GRADIENT for cg solver
%        Factor will work on anything but might be slow for large equation systems.   
%        Conjugate gradient works well for elasticity problems but (with the diagonal preconditioner used here) is not so good for unsymmetric matrices
%                        LINEAR for linear equations, NONLINEAR for nonlinear equations
%                        For nonlinear solver, must specify convergence tolerance and max # iterations
%                        UNSYMMETRIC  (optional - only for unsymmetric stiffness)


         SOLVER, DIRECT, NONLINEAR, 1.d-05,15


%      This prints the DOF values and projected nodal state for all solid elements to a tecplot readable file
%      Nodal variables are printed as
%         X, Y, (Z), Ux, Uy, (Uz), Projected states.
%         The projected states are controlled by the user - see subroutine elstat in file usrelem.f90
%         Also (for this example file) subroutine state_linelast_3dbasic in file el_linelast_3Dbasic.f90
%         In this example the states are the stresses sxx,syy,szz,sxy,sxz,syz
         PRINT STATE, Output_files\contourplots.dat
            DEGREES OF FREEDOM
            FIELD VARIABLES, S11,S22,S33,S12
            DISPLACED MESH
            DISPLACEMENT SCALE FACTOR, 1.d0
         END PRINT STATE


        END STATIC STEP
         

   STOP
