%
%             Demonstration input file for simple general purpose FEA code EN234FEA
%                                    A.F. Bower, August 2015
%
%             Input file for a simple 2D hole-in-a-plate problem with 3 noded triangles
%
%
% %%%%%%%%%%%%%%%%%%%%%%%%%%%%%%%%%%%% MESH DEFINITION %%%%%%%%%%%%%%%%%%%%%%%%%%%%%%%%%%%%%%%%%%%%%
%
    MESH

%    The NODE command defines properties of the nodes.  
%    The parameters are # of coords, # of DOF, and an optional integer identifier
       NODES
%    The parameters are # of coords, # of DOF, and an optional integer identifier
       PARAMETERS, 2, 2, 1
%      Specify which nodal DOF are displacements.  In the example, DOF 1 is the x displacement, 2 is the y displacement, 3 is the z displacement
       DISPLACEMENT DOF, 1, 2
%    Enter x,y,z coords of nodes.   The node number is optional, and is ignored in the code.
         COORDINATES
      1,           0.,  0.100000001
      2,           0.,         0.25
      3, 0.0195090324, 0.0980785266
      4, 0.0555570237, 0.0831469595
      5, 0.0707106814, 0.0707106814
      6, 0.0831469595, 0.0555570237
      7, 0.0980785266, 0.0195090324
      8,  0.100000001,           0.
      9,  0.349999994,           0.
     10,  0.349999994,         0.25
     11,           0.,  0.118749999
     12,           0.,  0.137500003
     13,           0.,      0.15625
     14,           0.,  0.174999997
     15,           0.,  0.193749994
     16,           0.,  0.212500006
     17,           0.,  0.231250003
     18, 0.0382683426, 0.0923879519
     19, 0.0923879519, 0.0382683426
     20,  0.329166681,           0.
     21,  0.308333337,           0.
     22,  0.287499994,           0.
     23,  0.266666681,           0.
     24,  0.245833337,           0.
     25,  0.224999994,           0.
     26,  0.204166666,           0.
     27,  0.183333337,           0.
     28,  0.162499994,           0.
     29,  0.141666666,           0.
     30,   0.12083333,           0.
     31,  0.349999994,  0.230769232
     32,  0.349999994,  0.211538464
     33,  0.349999994,  0.192307696
     34,  0.349999994,  0.173076928
     35,  0.349999994,   0.15384616
     36,  0.349999994,  0.134615391
     37,  0.349999994,  0.115384616
     38,  0.349999994, 0.0961538479
     39,  0.349999994, 0.0769230798
     40,  0.349999994,  0.057692308
     41,  0.349999994, 0.0384615399
     42,  0.349999994, 0.0192307699
     43, 0.0194444451,         0.25
     44, 0.0388888903,         0.25
     45, 0.0583333336,         0.25
     46, 0.0777777806,         0.25
     47, 0.0972222239,         0.25
     48,  0.116666667,         0.25
     49,   0.13611111,         0.25
     50,  0.155555561,         0.25
     51,  0.174999997,         0.25
     52,  0.194444448,         0.25
     53,  0.213888884,         0.25
     54,  0.233333334,         0.25
     55,  0.252777785,         0.25
     56,  0.272222221,         0.25
     57,  0.291666657,         0.25
     58,  0.311111122,         0.25
     59,  0.330555558,         0.25
     60, 0.0732930377, 0.0891447961
     61, 0.0887351781,  0.073806338
     62,  0.214565217, 0.0179100689
     63,  0.101815961, 0.0568331219
     64, 0.0175180715,   0.22453624
     65, 0.0182363484,  0.124572158
     66, 0.0174412802,  0.145654976
     67,  0.016906837,  0.165324181
     68, 0.0168329924,  0.184526771
     69, 0.0173886735,  0.204112709
     70, 0.0555851199,  0.101801381
     71,  0.112996757, 0.0392310545
     72,  0.256509125, 0.0180203188
     73,  0.235485375, 0.0179399028
     74,  0.193618298, 0.0178315397
     75,  0.172724977, 0.0176303908
     76,  0.152052179,  0.017785443
     77,  0.128901124, 0.0214665234
     78,  0.333262652,  0.144229949
     79,  0.333241791,  0.125018448
     80,   0.33319968,  0.105791278
     81,  0.333084732, 0.0865574703
     82,  0.332728356, 0.0672093928
     83,  0.331855446, 0.0472342633
     84,  0.331429273,  0.026171701
     85, 0.0485182852,  0.233086705
     86, 0.0678182021,  0.232970715
     87, 0.0873691663,  0.233026117
     88,  0.106909841,  0.233120799
     89,   0.12637648,  0.233128965
     90,  0.145826206,  0.233118415
     91,  0.165273383,  0.233106911
     92,  0.184721738,  0.233101204
     93,  0.204170123,  0.233104408
     94,  0.223617479,  0.233116239
     95,  0.243079007,  0.233127251
     96,  0.262703538,  0.233063608
     97,   0.28257668,  0.232864827
     98,  0.302957326,  0.232347056
     99,  0.324062854,  0.232358947
    100, 0.0345857963,  0.155241549
    101, 0.0337341689,  0.194253966
    102, 0.0337969474,  0.174989641
    103,  0.333209187,  0.163411856
    104,  0.315780818, 0.0769555718
    105,   0.33311066,   0.18259716
    106,  0.316377163,  0.115456268
    107,  0.316160381, 0.0962193981
    108,  0.314850837, 0.0575465672
    109,  0.333131731,  0.201625094
    110,  0.316399097,  0.134627476
    111,   0.33446902,  0.217897713
    112,  0.272958905,  0.216164812
    113,  0.136086404,  0.216230899
    114, 0.0971128866,  0.216131091
    115,  0.174992263,  0.216178894
    116,  0.213909999,  0.216192544
    117,  0.155535877,  0.216195166
    118,  0.194450855,  0.216171488
    119,   0.23340103,  0.216218546
    120, 0.0576104447,  0.215885147
    121, 0.0321576111,  0.234578565
    122, 0.0774036497,  0.215661958
    123,  0.116619445,  0.216232017
    124,  0.253089875,  0.216232002
    125,  0.292955011,  0.215828702
    126, 0.0370564386,  0.112435296
    127,  0.277600139, 0.0179617517
    128,  0.298319459, 0.0176305007
    129,  0.246189162, 0.0360567197
    130,  0.183015272, 0.0353725329
    131,     0.204025, 0.0356475152
    132,  0.225068823, 0.0358696729
    133,  0.162244618, 0.0347426981
    134,  0.315773189, 0.0159549788
    135, 0.0365149379,  0.215415716
    136,  0.311415255, 0.0358169191
    137, 0.0746672451,  0.110651381
    138,  0.108898014, 0.0768642053
    139,  0.125086948, 0.0599061698
    140, 0.0948974341, 0.0963007733
    141, 0.0359295532,  0.134358108
    142,  0.314887315,  0.213298917
    143, 0.0489096604,  0.201459751
    144, 0.0502333157,  0.184925765
    145, 0.0514823087,  0.165629625
    146,  0.298645347, 0.0504521541
    147, 0.0538434908,  0.145010412
    148,  0.315645754,  0.172982037
    149,  0.315589398,  0.192380413
    150,  0.299286097,  0.105884925
    151,  0.299401939,   0.12504907
    152,  0.298897266, 0.0866199657
    153,  0.298245728, 0.0673761368
    154,  0.316173702,  0.153708935
    155,  0.184717596,  0.199207053
    156,  0.106773265,  0.199486449
    157,  0.165242806,  0.199226066
    158, 0.0875748619,  0.199409381
    159,  0.263333499,   0.19948478
    160,  0.204193652,  0.199220777
    161,  0.243384838,   0.19934462
    162,  0.126247004,  0.199360266
    163,  0.283319503,  0.199724898
    164,  0.145755321,  0.199277118
    165,   0.22370027,  0.199278191
    166, 0.0670376718,  0.196963623
    167, 0.0555055141,  0.123138241
    168,  0.267643392,  0.036294058
    169,  0.214487582, 0.0536352433
    170,  0.172113538, 0.0529456586
    171,  0.193518534, 0.0532930195
    172,  0.235676214, 0.0542688705
    173,  0.132094458, 0.0410798155
    174,   0.28888002, 0.0356483981
    175,  0.279716313, 0.0557878017
    176,    0.1486765, 0.0521537215
    177, 0.0706072748,  0.157258332
    178,  0.298802733,  0.162751496
    179,  0.281976253, 0.0962516963
    180,  0.281618893,   0.07700634
    181,  0.295873612,  0.183003008
    182,  0.282121062,  0.115542829
    183,  0.299267352,  0.144005567
    184,   0.30052498,  0.200847194
    185,  0.233587369,  0.182476744
    186,  0.115833662,  0.182740927
    187,  0.135652333,  0.182352498
    188,  0.253687918,  0.182442993
    189,  0.274001449,  0.183046356
    190,  0.174951419,   0.18220216
    191, 0.0966000929,  0.183865279
    192,  0.213999987,  0.182332441
    193,   0.15536648,  0.182247117
    194,  0.080611378,  0.185355037
    195,  0.194469675,  0.182223886
    196, 0.0763296857,  0.134769857
    197,    0.2569893, 0.0543521829
    198,  0.183044776, 0.0714494959
    199,  0.203979969, 0.0715721697
    200,    0.2246041, 0.0717355385
    201, 0.0674612895,   0.17670095
    202,  0.282327354,   0.15320076
    203,  0.264716595, 0.0864638314
    204,  0.264573872,  0.105958022
    205,  0.283131748,  0.169259757
    206,    0.1246932,  0.165000394
    207,  0.243511632,  0.166024268
    208,  0.144793779, 0.0334456414
    209,  0.264772117,  0.164313942
    210,  0.145237371,  0.164822608
    211,  0.104079925,  0.166578189
    212,  0.224004775,  0.165638819
    213, 0.0849803835,  0.170259669
    214,  0.165264547,  0.164694607
    215,  0.185005069,  0.164847329
    216,  0.204539791,  0.165234625
    217,  0.282269448,  0.134590238
    218,   0.24678947, 0.0742000043
    219,  0.193660542, 0.0904779881
    220,  0.214732453, 0.0896377489
    221,  0.265966117, 0.0695620328
    222, 0.0906516016,  0.151826873
    223, 0.0933689699,   0.11943908
    224,  0.265534133,  0.144263506
    225,  0.135001332,  0.146178737
    226,  0.111980423,  0.145577461
    227,  0.234459981,  0.149444327
    228,  0.155788124,  0.146102712
    229,  0.214989066,   0.14835985
    230,  0.176145777,  0.146337807
    231,  0.195840985,  0.147808507
    232,  0.264802277,  0.125420287
    233,  0.232400447, 0.0872595012
    234,  0.172551751, 0.0903429911
    235, 0.0959830582,  0.135889277
    236,  0.205624804,  0.112053961
    237,  0.110840954,  0.110871218
    238,  0.107629567,  0.127459154
    239,  0.248036861,  0.135988176
    240,  0.125941038,  0.124930978
    241,  0.146452114,  0.128146529
    242,  0.226281464,  0.128585726
    243,  0.246595114,  0.116112739
    244,  0.166913047,  0.125375852
    245,  0.206262365,  0.133138269
    246,  0.188829243,  0.128891632
    247,  0.182120144,  0.108889922
    248,  0.228819236,  0.104912497
    249,  0.161429644, 0.0720542818
    250,  0.251262933,  0.152006835
    251,  0.114345878, 0.0938873067
    252,  0.128330275,  0.103129417
    253,  0.128142074, 0.0832034871
    254,   0.15378803,   0.11326009
    255,  0.247315794, 0.0958177671
    256,  0.149129868, 0.0940892398
    257,  0.140728265,  0.112711251
    258,  0.164900571,  0.106391616
    259,   0.14249301,  0.072281383
        END COORDINATES
      END NODES
%
%     The ELEMENT command defines properties of elements
%     The parameters are no. nodes on the element, no. properties, total no. state variables, integer identifier

      ELEMENTS
        PARAMETERS, 3, 0, 101
%       Define element properties - the values are passed to user subroutine elstif in the order they are listed here
%       For the example provided, the params are Youngs Modulus, Poissons ratio
        PROPERTIES
         100.d0, 0.3d0
        END PROPERTIES
%     Define mass density (for explicity dynamics only)
%       DENSITY, 10.d0
%     Define element connectivity
%     The element number (first number in the list) is optional, and is ignored in the code
        CONNECTIVITY, zone1
 1, 126,   3,  18
  2,  88,  47,  87
  3,  61,  60,   5
  4,  91,  50,  90
  5,  63,  61,   6
  6,   7,   8,  30
  7, 117, 115,  91
  8,  64,  17,  16
  9,  11,   1,   3
 10,  65,  11,   3
 11,  70,  18,   4
 12, 135, 120,  85
 13,  66,  13,  12
 14, 141,  66,  65
 15, 121,  43,  64
 16,  70,   4,  60
 17,  77,   7,  30
 18,  20,   9,  42
 19,  84,  42,  41
 20, 104,  82,  81
 21, 136, 134,  84
 22, 127,  23,  22
 23,  73,  24,  72
 24, 152, 107, 150
 25,  74,  26,  62
 26, 173, 139,  71
 27,  75,  27,  74
 28,  71,  63,  19
 29,  59,  31,  10
 30,  99,  59,  58
 31, 163, 112, 159
 32, 149, 105, 109
 33, 105, 103,  34
 34, 103,  35,  34
 35, 168,  72, 127
 36, 110, 106,  79
 37,  81,  38,  80
 38,  82,  39,  81
 39,  83,  40,  82
 40,  84,  41,  83
 41,  43,   2,  17
 42,  64,  43,  17
 43, 121,  85,  44
 44, 167, 126,  70
 45,  86,  45,  85
 46,  87,  46,  86
 47,  89,  48,  88
 48,  90,  49,  89
 49, 113,  90,  89
 50,  92,  51,  91
 51,  93,  52,  92
 52,  94,  53,  93
 53,  95,  54,  94
 54,  96,  55,  95
 55,  97,  56,  96
 56,  98,  57,  97
 57,  99,  58,  98
 58,  60,   4,   5
 59,  61,   5,   6
 60,  63,   6,  19
 61, 214, 193, 210
 62,  62,  26,  25
 63,  73,  25,  24
 64,  71,  19,   7
 65, 249, 198, 234
 66,  69,  15,  68
 67,  68,  14,  67
 68,  66,  12,  65
 69,  65,  12,  11
 70, 135,  64,  69
 71,  67,  13,  66
 72, 102,  67, 100
 73,  67,  14,  13
 74, 101,  69,  68
 75,  68,  15,  14
 76,  69,  64,  16
 77,  69,  16,  15
 78, 167, 147, 141
 79, 114,  88,  87
 80,  77,  30,  29
 81,  76,  28,  75
 82,  72,  24,  23
 83,  80,  37,  79
 84,  79,  36,  78
 85,  73,  62,  25
 86,  74,  27,  26
 87, 115,  92,  91
 88, 133,  75, 130
 89,  75,  28,  27
 90, 208, 173,  77
 91,  76,  29,  28
 92,  77,  71,   7
 93,  77,  29,  76
 94,  78,  36,  35
 95, 116,  94,  93
 96, 150, 107, 106
 97,  79,  37,  36
 98, 107,  81,  80
 99,  80,  38,  37
100, 174, 136, 146
101,  81,  39,  38
102, 108,  82, 104
103,  82,  40,  39
104, 136,  83, 108
105,  83,  41,  40
106, 134,  20,  84
107,  84,  20,  42
108, 166, 120, 143
109,  85,  45,  44
110, 122,  86, 120
111,  86,  46,  45
112, 158, 156, 114
113,  87,  47,  46
114, 226, 211, 222
115,  88,  48,  47
116, 140,  61, 138
117,  89,  49,  48
118, 117,  90, 113
119,  90,  50,  49
120, 118, 116,  93
121,  91,  51,  50
122, 118,  92, 115
123,  92,  52,  51
124, 132,  73, 129
125,  93,  53,  52
126, 189, 163, 159
127,  94,  54,  53
128, 119,  94, 116
129,  95,  55,  54
130, 149, 109, 142
131,  96,  56,  55
132, 109, 105,  33
133,  97,  57,  56
134, 125,  97, 112
135,  98,  58,  57
136, 111,  31,  99
137,  99,  31,  59
138, 100,  67,  66
139, 147, 145, 100
140, 143, 135, 101
141, 102, 101,  68
142, 102,  68,  67
143, 166, 158, 122
144, 103,  78,  35
145, 105,  34,  33
146, 106,  80,  79
147, 255, 203, 204
148, 109,  33,  32
149, 184, 181, 149
150, 110,  79,  78
151, 151, 150, 106
152, 107, 104,  81
153, 107,  80, 106
154, 175, 146, 153
155, 108,  83,  82
156, 111, 109,  32
157, 142,  99,  98
158, 154,  78, 103
159, 165, 116, 160
160, 111,  32,  31
161, 142, 111,  99
162, 112,  97,  96
163, 124,  96,  95
164, 123,  89,  88
165, 138,  61,  63
166, 122,  87,  86
167, 193, 164, 187
168, 117,  91,  90
169, 132,  62,  73
170, 118,  93,  92
171, 131, 130,  74
172, 193, 190, 157
173, 157, 155, 115
174, 171, 131, 169
175, 160, 118, 155
176, 165, 161, 119
177, 119,  95,  94
178, 120,  86,  85
179, 144, 101, 102
180, 121,  44,  43
181, 135, 121,  64
182, 144, 143, 101
183, 122, 114,  87
184, 123, 113,  89
185, 123,  88, 114
186, 124, 112,  96
187, 124,  95, 119
188, 149, 148, 105
189, 125,  98,  97
190, 126,  65,   3
191, 126,  18,  70
192, 127,  72,  23
193, 128, 127,  22
194, 128,  22,  21
195, 134, 128,  21
196, 129,  73,  72
197, 221, 203, 218
198, 130,  75,  74
199, 131,  74,  62
200, 132, 131,  62
201, 171, 170, 130
202, 233, 220, 200
203, 172, 169, 132
204, 173,  71,  77
205, 133,  76,  75
206, 134,  21,  20
207, 136,  84,  83
208, 135,  85, 121
209, 135,  69, 101
210, 146, 136, 108
211, 136, 128, 134
212, 137,  70,  60
213, 140,  60,  61
214, 187, 162, 186
215, 139, 138,  63
216, 139,  63,  71
217, 176, 133, 170
218, 162, 123, 156
219, 140, 137,  60
220, 141, 100,  66
221, 141,  65, 126
222, 142, 109, 111
223, 142,  98, 125
224, 143, 120, 135
225, 145, 102, 100
226, 145, 144, 102
227, 177, 145, 147
228, 147, 100, 141
229, 213, 194, 201
230, 174, 128, 136
231, 153, 108, 104
232, 167, 141, 126
233, 191, 186, 156
234, 181, 178, 148
235, 148, 103, 105
236, 184, 142, 125
237, 205, 202, 178
238, 151, 106, 110
239, 200, 199, 169
240, 183, 110, 154
241, 165, 119, 116
242, 221, 175, 180
243, 152, 104, 107
244, 153, 146, 108
245, 153, 104, 152
246, 154, 110,  78
247, 154, 103, 148
248, 155, 118, 115
249, 157, 115, 117
250, 156, 123, 114
251, 158, 114, 122
252, 164, 117, 113
253, 253, 252, 251
254, 166, 122, 120
255, 201, 194, 166
256, 159, 112, 124
257, 161, 124, 119
258, 195, 155, 190
259, 160, 116, 118
260, 188, 161, 185
261, 161, 159, 124
262, 162, 113, 123
263, 186, 162, 156
264, 184, 163, 181
265, 163, 125, 112
266, 164, 157, 117
267, 164, 113, 162
268, 195, 160, 155
269, 250, 227, 239
270, 166, 143, 144
271, 213, 201, 177
272, 167,  70, 137
273, 196, 167, 137
274, 168, 129,  72
275, 174, 168, 127
276, 169, 131, 132
277, 172, 132, 129
278, 170, 133, 130
279, 171, 130, 131
280, 195, 192, 160
281, 199, 198, 171
282, 197, 129, 168
283, 179, 152, 150
284, 208,  77,  76
285, 208, 176, 173
286, 174, 127, 128
287, 175, 174, 146
288, 175, 168, 174
289, 180, 152, 179
290, 259, 139, 176
291, 176, 139, 173
292, 196, 147, 167
293, 211, 206, 186
294, 224, 217, 202
295, 178, 154, 148
296, 182, 150, 151
297, 182, 179, 150
298, 180, 175, 153
299, 180, 153, 152
300, 181, 148, 149
301, 189, 181, 163
302, 217, 151, 183
303, 185, 161, 165
304, 183, 151, 110
305, 183, 154, 178
306, 184, 149, 142
307, 184, 125, 163
308, 192, 165, 160
309, 212, 207, 185
310, 191, 156, 158
311, 206, 187, 186
312, 247, 236, 246
313, 187, 164, 162
314, 209, 189, 188
315, 188, 159, 161
316, 205, 181, 189
317, 189, 159, 188
318, 190, 155, 157
319, 193, 157, 164
320, 194, 191, 158
321, 222, 213, 177
322, 220, 219, 199
323, 192, 185, 165
324, 210, 187, 206
325, 225, 210, 206
326, 194, 158, 166
327, 201, 166, 144
328, 215, 190, 214
329, 231, 215, 230
330, 196, 177, 147
331, 223, 137, 140
332, 197, 172, 129
333, 197, 168, 175
334, 198, 170, 171
335, 199, 171, 169
336, 200, 169, 172
337, 216, 195, 215
338, 218, 172, 197
339, 204, 203, 179
340, 201, 144, 145
341, 201, 145, 177
342, 224, 202, 209
343, 202, 183, 178
344, 203, 180, 179
345, 204, 179, 182
346, 232, 182, 217
347, 243, 239, 242
348, 205, 178, 181
349, 209, 205, 189
350, 211, 186, 191
351, 240, 226, 238
352, 207, 188, 185
353, 212, 185, 192
354, 208,  76, 133
355, 208, 133, 176
356, 209, 202, 205
357, 209, 188, 207
358, 252, 237, 251
359, 210, 193, 187
360, 213, 211, 191
361, 235, 196, 223
362, 216, 192, 195
363, 248, 243, 242
364, 213, 191, 194
365, 222, 177, 196
366, 228, 210, 225
367, 214, 190, 193
368, 230, 214, 228
369, 215, 195, 190
370, 245, 236, 242
371, 216, 212, 192
372, 217, 182, 151
373, 217, 183, 202
374, 218, 200, 172
375, 221, 218, 197
376, 219, 198, 199
377, 220, 199, 200
378, 233, 200, 218
379, 229, 227, 212
380, 221, 197, 175
381, 221, 180, 203
382, 223, 196, 137
383, 222, 211, 213
384, 237, 223, 140
385, 235, 226, 222
386, 250, 209, 207
387, 250, 239, 224
388, 226, 225, 206
389, 241, 228, 225
390, 226, 206, 211
391, 240, 238, 237
392, 227, 207, 212
393, 229, 212, 216
394, 244, 228, 241
395, 228, 214, 210
396, 231, 216, 215
397, 245, 242, 229
398, 246, 245, 231
399, 230, 215, 214
400, 246, 230, 244
401, 231, 229, 216
402, 232, 204, 182
403, 232, 217, 224
404, 255, 218, 203
405, 243, 232, 239
406, 259, 253, 139
407, 234, 198, 219
408, 235, 222, 196
409, 238, 235, 223
410, 236, 219, 220
411, 248, 242, 236
412, 251, 140, 138
413, 256, 252, 253
414, 238, 226, 235
415, 238, 223, 237
416, 239, 232, 224
417, 242, 239, 227
418, 252, 240, 237
419, 240, 225, 226
420, 254, 244, 241
421, 241, 225, 240
422, 242, 227, 229
423, 248, 236, 220
424, 255, 243, 248
425, 243, 204, 232
426, 247, 246, 244
427, 244, 230, 228
428, 245, 229, 231
429, 246, 231, 230
430, 258, 244, 254
431, 246, 236, 245
432, 247, 234, 219
433, 247, 219, 236
434, 248, 220, 233
435, 255, 248, 233
436, 249, 176, 170
437, 249, 170, 198
438, 250, 224, 209
439, 250, 207, 227
440, 251, 237, 140
441, 253, 251, 138
442, 257, 256, 254
443, 257, 240, 252
444, 253, 138, 139
445, 259, 256, 253
446, 258, 254, 256
447, 257, 254, 241
448, 255, 233, 218
449, 255, 204, 243
450, 256, 249, 234
451, 258, 256, 234
452, 257, 241, 240
453, 257, 252, 256
454, 258, 234, 247
455, 258, 247, 244
456, 259, 176, 249
457, 259, 249, 256
        END CONNECTIVITY

%     The PROPERTIES, PARAMETERS, CONNECTIVITY keywords can be repeated here to define more set of elements with different properties

        END ELEMENTS
        END MESH

%%%%%%%%%%%%%%%%%%%%%%%%%%%%%%%%%%%%%%% BOUNDARY CONDITIONS %%%%%%%%%%%%%%%%%%%%%%%%%%%%%%%%%%%%%%%%%%%%%

%     The BOUNDARY conditions key starts definition of BCs
      BOUNDARY CONDITIONS

%       The HISTORY key defines a time history that can be applied to DOFs or distributed loads
        HISTORY, dof_history
          0.d0, 0.d0                  % Each line gives a time value and then a function value
         10.d0, 0.001d0
        END HISTORY

 
%       The NODESET key defines a list of nodes
        NODESET, left
  1,  2, 11, 12, 13, 14, 15, 16, 17
        END NODESET
        NODESET, right
  9, 10, 31, 32, 33, 34, 35, 36, 37, 38, 39, 40, 41, 42
        END NODESET
        NODESET, base
  8,  9, 20, 21, 22, 23, 24, 25, 26, 27, 28, 29, 30
        END NODESET
        NODESET, top
  2, 10, 43, 44, 45, 46, 47, 48, 49, 50, 51, 52, 53, 54, 55, 56
 57, 58, 59         
        END NODESET


       END ELEMENTSET

%       The DEGREE OF FREEDOM key assigns values to nodal DOFs
%       The syntax is node set name, DOF number, VALUE/HISTORY/SUBROUTINE, value/history name/subroutine parameter list name.
%     
        DEGREES OF FREEDOM
           left, 1, VALUE, 0.d0
           right, 1, HISTORY, dof_history
           base, 2, VALUE, 0.d0
        END DEGREES OF FREEDOM



   END BOUNDARY CONDITIONS

%%%%%%%%%%%%%%%%%%%%%%%%%%%%%%%%%%% Mesh printing, error checking %%%%%%%%%%%%%%%%%%%%

%  Print the initial mesh to a file named initial_mesh.dat

   PRINT INITIAL MESH, initial_mesh.dat

%   TIME, VALUE, 0.d0        % Use this to specify the initial time
%   TIME, INCREMENT, 0.01d0  % Use this to specify a time increment (often needed for check stiffness)

%   The CHECK STIFFNESS key tests the element subroutine to ensure that
%   the residual force vector is consistent with the stiffness
%       CHECK STIFFNESS, 101




%%%%%%%%%%%%%%%%%%%%%%%%%%%%%%%%%%% Analysis %%%%%%%%%%%%%%%%%%%%%%%%%%%%%%%%%%%%%%%%

   %   The STATIC STEP key initializes a static load step

     STATIC STEP


          INITIAL TIME STEP, 1.d0        % Test of a comment here
          MAX TIME STEP, 1.d0
          MIN TIME STEP, 0.001d0
          MAX NUMBER OF STEPS, 3
          STOP TIME, 10.d0
          STATE PRINT STEP INTERVAL, 1
          USER PRINT STEP INTERVAL, 1



%        The SOLVER key controls the equation solver and Newton-Raphson iterations
%        The options are FACTOR for direct solver, CONJUGATE GRADIENT for cg solver
%        Factor will work on anything but might be slow for large equation systems.   
%        Conjugate gradient works well for elasticity problems but (with the diagonal preconditioner used here) is not so good for unsymmetric matrices
%                        LINEAR for linear equations, NONLINEAR for nonlinear equations
%                        For nonlinear solver, must specify convergence tolerance and max # iterations
%                        UNSYMMETRIC  (optional - only for unsymmetric stiffness)


         SOLVER, DIRECT, NONLINEAR, 1.d-05,15


%      This prints the DOF values and projected nodal state for all solid elements to a tecplot readable file
%      Nodal variables are printed as
%         X, Y, (Z), Ux, Uy, (Uz), Projected states.
%         The projected states are controlled by the user - see subroutine elstat in file usrelem.f90
%         Also (for this example file) subroutine state_linelast_3dbasic in file el_linelast_3Dbasic.f90
%         In this example the states are the stresses sxx,syy,szz,sxy,sxz,syz
         PRINT STATE, Output_files\contourplots.dat
            DEGREES OF FREEDOM
            FIELD VARIABLES, S11,S22,S33,S12
            DISPLACED MESH
            DISPLACEMENT SCALE FACTOR, 1.d0
         END PRINT STATE



        END STATIC STEP
         

   STOP
