%
%             Demonstration input file for simple general purpose FEA code EN234FEA
%                                    A.F. Bower, August 2015
%
%             Input file for simple 2D hole-in-a-plate problem with 6 noded triangular elements
%
%
% %%%%%%%%%%%%%%%%%%%%%%%%%%%%%%%%%%%% MESH DEFINITION %%%%%%%%%%%%%%%%%%%%%%%%%%%%%%%%%%%%%%%%%%%%%
%
    MESH

%    The NODE command defines properties of the nodes.  
%    The parameters are # of coords, # of DOF, and an optional integer identifier
       NODES
%    The parameters are # of coords, # of DOF, and an optional integer identifier
       PARAMETERS, 2, 2, 1
%      Specify which nodal DOF are displacements.  In the example, DOF 1 is the x displacement, 2 is the y displacement, 3 is the z displacement
       DISPLACEMENT DOF, 1, 2
%    Enter x,y,z coords of nodes.   The node number is optional, and is ignored in the code.
         COORDINATES
      1,           0.,  0.100000001
      2,           0.,         0.25
      3, 0.0195090324, 0.0980785266
      4, 0.0555570237, 0.0831469595
      5, 0.0707106814, 0.0707106814
      6, 0.0831469595, 0.0555570237
      7, 0.0980785266, 0.0195090324
      8,  0.100000001,           0.
      9,  0.349999994,           0.
     10,  0.349999994,         0.25
     11,           0.,  0.118749999
     12,           0.,  0.137500003
     13,           0.,      0.15625
     14,           0.,  0.174999997
     15,           0.,  0.193749994
     16,           0.,  0.212500006
     17,           0.,  0.231250003
     18, 0.0382683426, 0.0923879519
     19, 0.0923879519, 0.0382683426
     20,  0.329166681,           0.
     21,  0.308333337,           0.
     22,  0.287499994,           0.
     23,  0.266666681,           0.
     24,  0.245833337,           0.
     25,  0.224999994,           0.
     26,  0.204166666,           0.
     27,  0.183333337,           0.
     28,  0.162499994,           0.
     29,  0.141666666,           0.
     30,   0.12083333,           0.
     31,  0.349999994,  0.230769232
     32,  0.349999994,  0.211538464
     33,  0.349999994,  0.192307696
     34,  0.349999994,  0.173076928
     35,  0.349999994,   0.15384616
     36,  0.349999994,  0.134615391
     37,  0.349999994,  0.115384616
     38,  0.349999994, 0.0961538479
     39,  0.349999994, 0.0769230798
     40,  0.349999994,  0.057692308
     41,  0.349999994, 0.0384615399
     42,  0.349999994, 0.0192307699
     43, 0.0194444451,         0.25
     44, 0.0388888903,         0.25
     45, 0.0583333336,         0.25
     46, 0.0777777806,         0.25
     47, 0.0972222239,         0.25
     48,  0.116666667,         0.25
     49,   0.13611111,         0.25
     50,  0.155555561,         0.25
     51,  0.174999997,         0.25
     52,  0.194444448,         0.25
     53,  0.213888884,         0.25
     54,  0.233333334,         0.25
     55,  0.252777785,         0.25
     56,  0.272222221,         0.25
     57,  0.291666657,         0.25
     58,  0.311111122,         0.25
     59,  0.330555558,         0.25
     60, 0.0732930377, 0.0891447961
     61, 0.0887351781,  0.073806338
     62,  0.214565217, 0.0179100689
     63,  0.101815961, 0.0568331219
     64, 0.0175180715,   0.22453624
     65, 0.0182363484,  0.124572158
     66, 0.0174412802,  0.145654976
     67,  0.016906837,  0.165324181
     68, 0.0168329924,  0.184526771
     69, 0.0173886735,  0.204112709
     70, 0.0555851199,  0.101801381
     71,  0.112996757, 0.0392310545
     72,  0.256509125, 0.0180203188
     73,  0.235485375, 0.0179399028
     74,  0.193618298, 0.0178315397
     75,  0.172724977, 0.0176303908
     76,  0.152052179,  0.017785443
     77,  0.128901124, 0.0214665234
     78,  0.333262652,  0.144229949
     79,  0.333241791,  0.125018448
     80,   0.33319968,  0.105791278
     81,  0.333084732, 0.0865574703
     82,  0.332728356, 0.0672093928
     83,  0.331855446, 0.0472342633
     84,  0.331429273,  0.026171701
     85, 0.0485182852,  0.233086705
     86, 0.0678182021,  0.232970715
     87, 0.0873691663,  0.233026117
     88,  0.106909841,  0.233120799
     89,   0.12637648,  0.233128965
     90,  0.145826206,  0.233118415
     91,  0.165273383,  0.233106911
     92,  0.184721738,  0.233101204
     93,  0.204170123,  0.233104408
     94,  0.223617479,  0.233116239
     95,  0.243079007,  0.233127251
     96,  0.262703538,  0.233063608
     97,   0.28257668,  0.232864827
     98,  0.302957326,  0.232347056
     99,  0.324062854,  0.232358947
    100, 0.0345857963,  0.155241549
    101, 0.0337341689,  0.194253966
    102, 0.0337969474,  0.174989641
    103,  0.333209187,  0.163411856
    104,  0.315780818, 0.0769555718
    105,   0.33311066,   0.18259716
    106,  0.316377163,  0.115456268
    107,  0.316160381, 0.0962193981
    108,  0.314850837, 0.0575465672
    109,  0.333131731,  0.201625094
    110,  0.316399097,  0.134627476
    111,   0.33446902,  0.217897713
    112,  0.272958905,  0.216164812
    113,  0.136086404,  0.216230899
    114, 0.0971128866,  0.216131091
    115,  0.174992263,  0.216178894
    116,  0.213909999,  0.216192544
    117,  0.155535877,  0.216195166
    118,  0.194450855,  0.216171488
    119,   0.23340103,  0.216218546
    120, 0.0576104447,  0.215885147
    121, 0.0321576111,  0.234578565
    122, 0.0774036497,  0.215661958
    123,  0.116619445,  0.216232017
    124,  0.253089875,  0.216232002
    125,  0.292955011,  0.215828702
    126, 0.0370564386,  0.112435296
    127,  0.277600139, 0.0179617517
    128,  0.298319459, 0.0176305007
    129,  0.246189162, 0.0360567197
    130,  0.183015272, 0.0353725329
    131,     0.204025, 0.0356475152
    132,  0.225068823, 0.0358696729
    133,  0.162244618, 0.0347426981
    134,  0.315773189, 0.0159549788
    135, 0.0365149379,  0.215415716
    136,  0.311415255, 0.0358169191
    137, 0.0746672451,  0.110651381
    138,  0.108898014, 0.0768642053
    139,  0.125086948, 0.0599061698
    140, 0.0948974341, 0.0963007733
    141, 0.0359295532,  0.134358108
    142,  0.314887315,  0.213298917
    143, 0.0489096604,  0.201459751
    144, 0.0502333157,  0.184925765
    145, 0.0514823087,  0.165629625
    146,  0.298645347, 0.0504521541
    147, 0.0538434908,  0.145010412
    148,  0.315645754,  0.172982037
    149,  0.315589398,  0.192380413
    150,  0.299286097,  0.105884925
    151,  0.299401939,   0.12504907
    152,  0.298897266, 0.0866199657
    153,  0.298245728, 0.0673761368
    154,  0.316173702,  0.153708935
    155,  0.184717596,  0.199207053
    156,  0.106773265,  0.199486449
    157,  0.165242806,  0.199226066
    158, 0.0875748619,  0.199409381
    159,  0.263333499,   0.19948478
    160,  0.204193652,  0.199220777
    161,  0.243384838,   0.19934462
    162,  0.126247004,  0.199360266
    163,  0.283319503,  0.199724898
    164,  0.145755321,  0.199277118
    165,   0.22370027,  0.199278191
    166, 0.0670376718,  0.196963623
    167, 0.0555055141,  0.123138241
    168,  0.267643392,  0.036294058
    169,  0.214487582, 0.0536352433
    170,  0.172113538, 0.0529456586
    171,  0.193518534, 0.0532930195
    172,  0.235676214, 0.0542688705
    173,  0.132094458, 0.0410798155
    174,   0.28888002, 0.0356483981
    175,  0.279716313, 0.0557878017
    176,    0.1486765, 0.0521537215
    177, 0.0706072748,  0.157258332
    178,  0.298802733,  0.162751496
    179,  0.281976253, 0.0962516963
    180,  0.281618893,   0.07700634
    181,  0.295873612,  0.183003008
    182,  0.282121062,  0.115542829
    183,  0.299267352,  0.144005567
    184,   0.30052498,  0.200847194
    185,  0.233587369,  0.182476744
    186,  0.115833662,  0.182740927
    187,  0.135652333,  0.182352498
    188,  0.253687918,  0.182442993
    189,  0.274001449,  0.183046356
    190,  0.174951419,   0.18220216
    191, 0.0966000929,  0.183865279
    192,  0.213999987,  0.182332441
    193,   0.15536648,  0.182247117
    194,  0.080611378,  0.185355037
    195,  0.194469675,  0.182223886
    196, 0.0763296857,  0.134769857
    197,    0.2569893, 0.0543521829
    198,  0.183044776, 0.0714494959
    199,  0.203979969, 0.0715721697
    200,    0.2246041, 0.0717355385
    201, 0.0674612895,   0.17670095
    202,  0.282327354,   0.15320076
    203,  0.264716595, 0.0864638314
    204,  0.264573872,  0.105958022
    205,  0.283131748,  0.169259757
    206,    0.1246932,  0.165000394
    207,  0.243511632,  0.166024268
    208,  0.144793779, 0.0334456414
    209,  0.264772117,  0.164313942
    210,  0.145237371,  0.164822608
    211,  0.104079925,  0.166578189
    212,  0.224004775,  0.165638819
    213, 0.0849803835,  0.170259669
    214,  0.165264547,  0.164694607
    215,  0.185005069,  0.164847329
    216,  0.204539791,  0.165234625
    217,  0.282269448,  0.134590238
    218,   0.24678947, 0.0742000043
    219,  0.193660542, 0.0904779881
    220,  0.214732453, 0.0896377489
    221,  0.265966117, 0.0695620328
    222, 0.0906516016,  0.151826873
    223, 0.0933689699,   0.11943908
    224,  0.265534133,  0.144263506
    225,  0.135001332,  0.146178737
    226,  0.111980423,  0.145577461
    227,  0.234459981,  0.149444327
    228,  0.155788124,  0.146102712
    229,  0.214989066,   0.14835985
    230,  0.176145777,  0.146337807
    231,  0.195840985,  0.147808507
    232,  0.264802277,  0.125420287
    233,  0.232400447, 0.0872595012
    234,  0.172551751, 0.0903429911
    235, 0.0959830582,  0.135889277
    236,  0.205624804,  0.112053961
    237,  0.110840954,  0.110871218
    238,  0.107629567,  0.127459154
    239,  0.248036861,  0.135988176
    240,  0.125941038,  0.124930978
    241,  0.146452114,  0.128146529
    242,  0.226281464,  0.128585726
    243,  0.246595114,  0.116112739
    244,  0.166913047,  0.125375852
    245,  0.206262365,  0.133138269
    246,  0.188829243,  0.128891632
    247,  0.182120144,  0.108889922
    248,  0.228819236,  0.104912497
    249,  0.161429644, 0.0720542818
    250,  0.251262933,  0.152006835
    251,  0.114345878, 0.0938873067
    252,  0.128330275,  0.103129417
    253,  0.128142074, 0.0832034871
    254,   0.15378803,   0.11326009
    255,  0.247315794, 0.0958177671
    256,  0.149129868, 0.0940892398
    257,  0.140728265,  0.112711251
    258,  0.164900571,  0.106391616
    259,   0.14249301,  0.072281383
    260, 0.0282827355,  0.105256915
    261, 0.0290284678, 0.0956940353
    262, 0.0376623906,  0.102411628
    263,  0.102066033,    0.2415604
    264, 0.0922956914,  0.241513059
    265, 0.0971395075,  0.233073458
    266, 0.0810141116, 0.0814755708
    267, 0.0720018595, 0.0799277425
    268,  0.079722926, 0.0722585097
    269,  0.160414472,  0.241553456
    270,  0.150690883,  0.241559207
    271,  0.155549794,  0.233112663
    272,  0.095275566, 0.0653197318
    273, 0.0859410688,  0.064681679
    274, 0.0924814641, 0.0561950728
    275, 0.0995184705, 0.00980171468
    276,  0.110416666,           0.
    277,  0.109455928, 0.00975451618
    278,   0.16526407,   0.21618703
    279,  0.170132816,  0.224642903
    280,  0.160404623,  0.224651039
    281, 0.00875903573,  0.227893114
    282,           0.,  0.221875012
    283, 0.00875903573,  0.218518123
    284,           0.,     0.109375
    285, 0.00980171468, 0.0995184705
    286, 0.00975451618,  0.108414263
    287, 0.0091181742,  0.121661082
    288, 0.0188726895,  0.111325338
    289, 0.0469267294, 0.0970946699
    290, 0.0471396744, 0.0881921276
    291, 0.0555710718,   0.09247417
    292, 0.0470626913,  0.215650439
    293, 0.0530643649,  0.224485934
    294, 0.0425166115,  0.224251211
    295, 0.00872064009,  0.150952488
    296,           0.,  0.146874994
    297, 0.00872064009,  0.141577482
    298, 0.0266854167,  0.140006542
    299, 0.0178388134,  0.135113567
    300, 0.0270829499,  0.129465133
    301, 0.0258010291,  0.242289275
    302, 0.0184812583,   0.23726812
    303, 0.0248378403,  0.229557395
    304, 0.0644250289, 0.0861458778
    305, 0.0644390807, 0.0954730883
    306,  0.113489822, 0.0204877779
    307,  0.124867231, 0.0107332617
    308,  0.339583337,           0.
    309,  0.349999994, 0.00961538497
    310,  0.339583337, 0.00961538497
    311,  0.340714633, 0.0227012355
    312,  0.349999994, 0.0288461559
    313,  0.340714633, 0.0323166214
    314,  0.324254572, 0.0720824823
    315,  0.332906544, 0.0768834352
    316,   0.32443279, 0.0817565173
    317,  0.313594222, 0.0258859489
    318,  0.323601246,  0.021063339
    319,  0.321422279,  0.030994311
    320,   0.27213341, 0.00898087583
    321,  0.277083337,           0.
    322,  0.282550067, 0.00898087583
    323,  0.240659356, 0.00896995142
    324,  0.251171231, 0.00901015941
    325,   0.24599725, 0.0179801099
    326,  0.307528824, 0.0914196819
    327,  0.307723224,  0.101052165
    328,  0.299091697, 0.0962524414
    329,  0.198892474, 0.00891576987
    330,  0.209365934, 0.00895503443
    331,  0.204091758, 0.0178708043
    332,  0.128590703, 0.0504929945
    333,  0.119041853, 0.0495686121
    334,  0.122545607, 0.0401554331
    335,   0.17802915, 0.00881519541
    336,  0.188475817, 0.00891576987
    337,   0.18317163, 0.0177309662
    338,  0.107406363, 0.0480320901
    339, 0.0971019566, 0.0475507304
    340,  0.102692351, 0.0387496985
    341,  0.340277791,  0.240384609
    342,  0.349999994,  0.240384609
    343,  0.340277791,         0.25
    344,  0.327309191,  0.241179466
    345,  0.320833325,         0.25
    346,  0.317586988,  0.241179466
    347,  0.278139204,  0.207944855
    348,  0.268146217,  0.207824796
    349,  0.273326516,  0.199604839
    350,  0.324350029,  0.187488794
    351,  0.333121181,  0.192111135
    352,  0.324360549,  0.197002754
    353,  0.333159924,  0.173004508
    354,   0.34160459,  0.168244392
    355,  0.341555327,  0.177837044
    356,   0.34160459,     0.158629
    357,  0.349999994,  0.163461536
    358,  0.262076259, 0.0271571875
    359,  0.267054617, 0.0179910362
    360,  0.272621751, 0.0271279048
    361,   0.31638813,  0.125041872
    362,  0.324809492,  0.120237358
    363,  0.324820459,  0.129822969
    364,  0.341542363, 0.0913556591
    365,  0.341599822,  0.100972563
    366,  0.333142221, 0.0961743742
    367,  0.341364175, 0.0720662326
    368,  0.341542363,  0.081740275
    369,   0.34092772, 0.0524632856
    370,  0.341364175, 0.0624508485
    371,  0.332291901, 0.0572218299
    372,   0.34092772, 0.0428479016
    373,  0.331642359, 0.0367029831
    374, 0.00972222257,         0.25
    375,           0.,  0.240624994
    376, 0.00972222257,  0.240624994
    377,   0.04033795,  0.233832628
    378, 0.0437035859,  0.241543353
    379, 0.0355232507,  0.242289275
    380, 0.0462809764,  0.117786765
    381, 0.0463207811,  0.107118338
    382, 0.0555453151,  0.112469807
    383,  0.063075766,  0.241485357
    384, 0.0534258112,  0.241543353
    385, 0.0581682436,   0.23302871
    386, 0.0825734735,  0.241513059
    387, 0.0727979913,  0.241485357
    388, 0.0775936842,  0.232998416
    389,  0.121521577,  0.241564482
    390,  0.111788258,    0.2415604
    391,  0.116643161,  0.233124882
    392,  0.140968651,  0.241559207
    393,  0.131243795,  0.241564482
    394,  0.136101335,   0.23312369
    395,  0.140956312,  0.224674657
    396,  0.131231442,  0.224679932
    397,   0.17986086,  0.241550595
    398,   0.17013669,  0.241553456
    399,  0.174997568,   0.23310405
    400,  0.199307293,  0.241552204
    401,  0.189583093,  0.241550595
    402,  0.194445938,  0.233102798
    403,  0.218753189,   0.24155812
    404,  0.209029496,  0.241552204
    405,  0.213893801,  0.233110324
    406,  0.238206178,  0.241563618
    407,  0.228475407,   0.24155812
    408,   0.23334825,  0.233121753
    409,  0.257740676,  0.241531804
    410,  0.247928396,  0.241563618
    411,  0.252891272,  0.233095437
    412,  0.277399451,  0.241432413
    413,  0.267462879,  0.241531804
    414,  0.272640109,  0.232964218
    415,  0.297311991,  0.241173536
    416,  0.287121654,  0.241432413
    417,  0.292766988,  0.232605934
    418,  0.307034224,  0.241173536
    419,   0.31351009,  0.232353002
    420, 0.0634393319, 0.0773010477
    421, 0.0773010477, 0.0634393319
    422, 0.0881921276, 0.0471396744
    423,  0.160315514,  0.173470855
    424,  0.150301933,   0.17353487
    425,  0.155250967,  0.164758608
    426,  0.214583337,           0.
    427,  0.219782606, 0.00895503443
    428,  0.230242684, 0.00896995142
    429,  0.235416666,           0.
    430, 0.0956940353, 0.0290284678
    431,  0.105537638, 0.0293700434
    432,  0.172237217, 0.0717518926
    433,  0.177798271, 0.0808962435
    434,  0.166990697, 0.0811986327
    435, 0.00869433675,  0.198931351
    436, 0.00841649622,  0.189138383
    437,  0.017110832,   0.19431974
    438, 0.00841649622,  0.179763377
    439, 0.0084534185,  0.170162082
    440, 0.0168699138,  0.174925476
    441, 0.0091181742,  0.131036073
    442,           0.,  0.128124997
    443, 0.0270165056,  0.219975978
    444, 0.0174533725,  0.214324474
    445, 0.0269518048,  0.209764212
    446, 0.0084534185,  0.160787091
    447, 0.0171740577,  0.155489579
    448, 0.0253518932,  0.170156911
    449, 0.0257463157,  0.160282865
    450,   0.03419137,  0.165115595
    451,           0.,  0.165625006
    452, 0.0255614221,  0.199183345
    453, 0.0252835806,  0.189390361
    454,           0.,  0.184374988
    455, 0.00869433675,  0.208306357
    456,           0.,     0.203125
    457, 0.0546745025,   0.13407433
    458,  0.044886522,   0.13968426
    459, 0.0457175337,  0.128748178
    460,  0.102011368,  0.224625945
    461, 0.0922410265,  0.224578604
    462,  0.131249994,           0.
    463,  0.135283887, 0.0107332617
    464,  0.157276094, 0.0088927215
    465,  0.167612493, 0.00881519541
    466,  0.162388578, 0.0177079178
    467,  0.256250024,           0.
    468,  0.261587918, 0.00901015941
    469,  0.341599822,  0.110587947
    470,  0.341620892,  0.120201528
    471,   0.33322072,  0.115404859
    472,  0.341620892,   0.12981692
    473,  0.341631323,   0.13942267
    474,  0.333252221,  0.134624198
    475,  0.225025296, 0.0179249868
    476,  0.193749994,           0.
    477,  0.179857001,  0.224640042
    478,   0.16748479, 0.0261865444
    479,  0.177870125, 0.0265014619
    480,  0.172629952, 0.0350576155
    481,  0.172916666,           0.
    482,  0.138444126, 0.0372627303
    483,  0.130497783, 0.0312731713
    484,  0.136847451, 0.0274560824
    485,  0.146859422, 0.0088927215
    486,  0.152083337,           0.
    487,  0.120948941, 0.0303487889
    488,  0.140476644, 0.0196259841
    489,  0.349999994,  0.144230783
    490,  0.341631323,  0.149038047
    491,  0.218763739,  0.224654391
    492,  0.209040061,  0.224648476
    493,  0.316268772,  0.105837837
    494,  0.307831645,  0.110670596
    495,  0.349999994,        0.125
    496,  0.324622571, 0.0913884342
    497,   0.32468003,  0.101005338
    498,  0.349999994,  0.105769232
    499,  0.300147653, 0.0357326567
    500,  0.305030286, 0.0431345366
    501,  0.293762684, 0.0430502743
    502,  0.349999994, 0.0865384638
    503,  0.323789597, 0.0623779818
    504,  0.315315843, 0.0672510713
    505,  0.349999994, 0.0673076957
    506,  0.321635365, 0.0415255912
    507,  0.323353142, 0.0523904152
    508,  0.313133061, 0.0466817431
    509,  0.349999994, 0.0480769239
    510,   0.32246995, 0.00797748938
    511,  0.330297977, 0.0130858505
    512, 0.0623240583,  0.206424385
    513, 0.0532600507,  0.208672449
    514,  0.057973668,  0.199211687
    515, 0.0486111119,         0.25
    516, 0.0726109296,  0.224316329
    517, 0.0627143234,  0.224427938
    518, 0.0675070435,  0.215773553
    519, 0.0680555552,         0.25
    520, 0.0971740633,  0.199447915
    521,  0.101943076,  0.207808763
    522, 0.0923438743,  0.207770228
    523,  0.087500006,         0.25
    524,   0.10803017,  0.156077832
    525, 0.0973657668,  0.159202531
    526,  0.101316012,  0.148702174
    527,  0.106944442,         0.25
    528, 0.0918163061, 0.0850535557
    529,  0.098816596, 0.0753352717
    530,  0.101897724, 0.0865824893
    531,  0.126388893,         0.25
    532,  0.150681049,   0.22465679
    533,  0.145811141,  0.216213033
    534,  0.145833343,         0.25
    535,  0.204180419,  0.216182023
    536,  0.199310482,  0.224637955
    537,  0.165277779,         0.25
    538,  0.189586297,  0.224636346
    539,  0.184721559,  0.216175199
    540,  0.184722215,         0.25
    541,  0.230277091, 0.0269047879
    542,  0.240837276, 0.0269983113
    543,  0.235628992, 0.0359631963
    544,  0.204166666,         0.25
    545,  0.278660476,  0.191385627
    546,  0.268667459,  0.191265568
    547,  0.223611116,         0.25
    548,  0.228509247,    0.2246674
    549,  0.223655522,  0.216205537
    550,  0.243055552,         0.25
    551,  0.324009538,  0.207462013
    552,  0.315238357,  0.202839673
    553,  0.262499988,         0.25
    554,  0.341555327,  0.187452435
    555,  0.341565847,  0.196966395
    556,  0.281944454,         0.25
    557,  0.287765861,  0.224346757
    558,  0.277767777,  0.224514812
    559,  0.282956958,  0.215996757
    560,   0.30138889,         0.25
    561,  0.342234492,  0.224333465
    562,  0.337031424,   0.23156409
    563,  0.329265952,  0.225128323
    564, 0.0260135382,  0.150448263
    565, 0.0526629016,  0.155320019
    566, 0.0430340543,  0.160435587
    567, 0.0442146435,   0.15012598
    568,  0.042712301,  0.208437741
    569, 0.0351245552,  0.204834849
    570, 0.0413219146,  0.197856858
    571, 0.0337655582,  0.184621811
    572, 0.0253149699,  0.179758206
    573, 0.0773062706,  0.198186502
    574, 0.0824892521,  0.207535669
    575, 0.0722206607,  0.206312791
    576,  0.333235919,  0.153820902
    577,  0.349999994,  0.182692319
    578,  0.324788421,  0.110623777
    579,  0.256016195, 0.0911407992
    580,  0.264645219, 0.0962109268
    581,  0.255944848,  0.100887895
    582,  0.349999994,  0.201923072
    583,  0.341565847,  0.206581771
    584,  0.298199296,  0.191925108
    585,  0.305731505,  0.187691718
    586,  0.308057189,  0.196613804
    587,   0.32483089,  0.139428705
    588,  0.299344003,  0.115466997
    589,  0.307889551,  0.120252669
    590,    0.3159706, 0.0865874887
    591,  0.289180815, 0.0531199798
    592,  0.298445523, 0.0589141473
    593,   0.28898102, 0.0615819693
    594,  0.333800375,  0.209761411
    595,  0.342234492,  0.214718089
    596,  0.319475085,  0.222828925
    597,  0.308922321,  0.222822994
    598,  0.324718177,  0.148969442
    599,  0.324691445,  0.158560395
    600,  0.218805134,   0.20773536
    601,  0.209051818,   0.20770666
    602,  0.213946968,  0.199249476
    603,  0.349999994,  0.221153855
    604,  0.324678183,  0.215598315
    605,  0.267831206,  0.224614203
    606,  0.257896721,  0.224647805
    607,  0.248084441,  0.224679619
    608,  0.121497959,  0.224680483
    609,   0.11176464,    0.2246764
    610,  0.105356991, 0.0668486655
    611, 0.0823864043,  0.224344045
    612,  0.150560901,  0.190762118
    613,  0.140703827,  0.190814808
    614,  0.145509407,  0.182299808
    615,  0.219817013, 0.0268898718
    616,  0.193520129, 0.0355100259
    617,  0.188316792, 0.0266020373
    618,  0.198821649, 0.0267395265
    619,  0.165158957,  0.182224631
    620,  0.170097113,  0.190714121
    621,  0.160304636,  0.190736592
    622,  0.174980193,   0.19921656
    623,  0.179854929,  0.207692981
    624,  0.170117527,  0.207702488
    625,  0.198771775, 0.0444702655
    626,  0.209256291, 0.0446413793
    627,  0.204003066, 0.0534641296
    628,  0.199322253,   0.20769614
    629,  0.189584225,   0.20768927
    630,  0.194455624,  0.199213922
    631,  0.233542562,  0.199311405
    632,  0.238392934,  0.207781583
    633,  0.228550643,  0.207748368
    634,  0.238240018,  0.224672899
    635, 0.0419837423,  0.189589858
    636, 0.0420151316,  0.179957703
    637, 0.0291666687,         0.25
    638, 0.0343362764,  0.224997133
    639, 0.0495714881,   0.19319275
    640, 0.0872582644,  0.215896517
    641,  0.126352921,  0.216231465
    642,  0.106866166,  0.216181546
    643,   0.26302439,  0.216198415
    644,  0.243245453,  0.216225266
    645,  0.315617561,  0.182681233
    646,  0.324378192,  0.177789599
    647,  0.297956169,  0.224087879
    648, 0.0276463926,  0.118503727
    649,  0.287959814, 0.0177961253
    650,  0.292909741, 0.00881525036
    651,  0.297916651,           0.
    652,  0.303326398, 0.00881525036
    653,  0.307046324, 0.0167927407
    654,  0.312053263, 0.00797748938
    655,  0.251349151, 0.0270385183
    656,  0.265341341, 0.0780129284
    657,   0.25575304, 0.0803319216
    658,  0.256377786, 0.0718810186
    659,  0.209295109, 0.0267787911
    660,  0.214546919, 0.0357585922
    661,  0.182816029,  0.053119339
    662,  0.177564412, 0.0441590957
    663,  0.188266903, 0.0443327762
    664,  0.223566443, 0.0884486288
    665,  0.219668269, 0.0806866437
    666,  0.228502274, 0.0794975162
    667,  0.225081891, 0.0539520569
    668,   0.21977821, 0.0447524562
    669,  0.230372518, 0.0450692698
    670,  0.157148391, 0.0262640715
    671,  0.318750024,           0.
    672,  0.306748092, 0.0539993607
    673,  0.304867357,  0.026723709
    674, 0.0651261806,  0.106226385
    675, 0.0739801377,  0.099898085
    676, 0.0840952396, 0.0927227885
    677,  0.130949676,  0.190856382
    678,  0.121040329,  0.191050589
    679,  0.125743002,  0.182546705
    680,  0.116992481, 0.0683851838
    681,  0.113451451,  0.058369644
    682,  0.155460566, 0.0434482098
    683,  0.167179078, 0.0438441783
    684,  0.160395026,   0.05254969
    685,  0.121433228,  0.207796142
    686,  0.111696355,  0.207859233
    687,  0.116510138,  0.199423358
    688, 0.0847823396,  0.103476077
    689, 0.0352576748,  0.144799829
    690, 0.0364929959,  0.123396702
    691,  0.303921163,  0.214563817
    692, 0.0426396281,  0.170309633
    693, 0.0508578122,  0.175277695
    694, 0.0610447899,  0.161443979
    695, 0.0622253828,  0.151134372
    696, 0.0827958807,  0.177807361
    697,   0.07403633,  0.181027994
    698, 0.0762208402,  0.173480302
    699,  0.293599725, 0.0266394503
    700,  0.306548297, 0.0624613538
    701,  0.307013273, 0.0721658543
    702,  0.106216878,  0.183303103
    703,  0.111303464,  0.191113681
    704,  0.101686679,  0.191675872
    705,  0.297338188,  0.172877252
    706,  0.307224244,  0.167866766
    707,  0.305759668,  0.177992523
    708,  0.324427485,  0.168196946
    709,  0.307706147,  0.207073063
    710,  0.296739995,  0.208337948
    711,  0.282729566,  0.161230266
    712,  0.290565044,  0.157976121
    713,  0.290967226,  0.166005626
    714,  0.307900518,  0.129838273
    715,  0.214292035, 0.0716538578
    716,  0.209233776, 0.0626037046
    717,  0.219545841, 0.0626853928
    718,  0.307833225,  0.139316529
    719,  0.316286385,  0.144168198
    720,  0.307720542,  0.148857251
    721,  0.272841215, 0.0626749173
    722,  0.280667603, 0.0663970709
    723,  0.273792505, 0.0732841864
    724,  0.307339042,  0.081787765
    725,  0.298571497,  0.076998055
    726,  0.315909743,  0.163345486
    727,  0.160389334,  0.207710624
    728,  0.150645599,  0.207736135
    729,  0.140920863,  0.207754016
    730,  0.128236175, 0.0931664556
    731,  0.121338077,  0.098508358
    732,  0.121243976, 0.0885453969
    733, 0.0738245249,  0.191159338
    734, 0.0672494769,  0.186832279
    735,  0.258211672,  0.207858384
    736,  0.248237357,  0.207788318
    737,  0.189593643,  0.190715462
    738,  0.179834515,  0.190704614
    739,  0.184710547,  0.182213023
    740,  0.248536378,  0.190893799
    741,  0.238486111,  0.190910682
    742,  0.243637651,  0.182459861
    743,  0.253359169,    0.1994147
    744,  0.131166697,   0.20779559
    745,  0.291922241,  0.200286046
    746,  0.289596558,  0.191363961
    747,  0.288137257,    0.2077768
    748,  0.155499071,  0.199251592
    749,   0.13600117,  0.199318692
    750,  0.199331671,  0.190722331
    751,   0.24286145,  0.150725573
    752,  0.241248429,  0.142716259
    753,  0.249649897,  0.143997505
    754, 0.0586354956,  0.190944701
    755, 0.0690342784,  0.166979641
    756, 0.0777938291,  0.163758993
    757, 0.0650863796,  0.116894811
    758, 0.0659175962,  0.128954053
    759, 0.0754984617,  0.122710615
    760,  0.256916285, 0.0361753888
    761,  0.278261721,  0.035971228
    762,   0.28324008, 0.0268050749
    763,  0.240932688,  0.045162797
    764,  0.204234838,  0.182278156
    765,  0.209096819,  0.190776616
    766,   0.19351238, 0.0715108365
    767,  0.188281655, 0.0623712577
    768,  0.198749244, 0.0624325946
    769,  0.251589239, 0.0452044532
    770,  0.262316346, 0.0453231186
    771,  0.290436745, 0.0914358348
    772,  0.290631175,   0.10106831
    773,  0.148422986, 0.0256155431
    774,  0.146735132, 0.0427996814
    775,  0.140385479, 0.0466167703
    776,  0.284298182, 0.0457180999
    777,  0.273679852, 0.0460409299
    778,   0.29025808, 0.0818131566
    779,  0.281797588, 0.0866290182
    780,  0.133789986, 0.0660937726
    781,  0.136881724, 0.0560299456
    782,  0.145584762, 0.0622175522
    783, 0.0650865883,  0.139890134
    784,  0.114386559,  0.165789291
    785,  0.120263427,  0.173870653
    786,  0.109956793,   0.17465955
    787,   0.27390179,  0.139426872
    788,  0.282298386,  0.143895507
    789,  0.273930728,  0.148732126
    790,  0.307488203,  0.158230215
    791,  0.290703595,  0.110713877
    792,  0.290761501,  0.120295949
    793,  0.282048643,  0.105897263
    794,  0.289932311, 0.0721912384
    795,  0.284937531,  0.183024675
    796,  0.290835679,  0.129819661
    797,  0.299334645,  0.134527326
    798,  0.290768385,  0.139297903
    799,   0.22864382,  0.190877467
    800,  0.299035043,  0.153378531
    801,  0.218850136,  0.190805316
    802,  0.233758211,  0.165831536
    803,  0.238549501,  0.174250513
    804,  0.228796065,  0.174057782
    805, 0.0920874774,  0.191637337
    806,  0.130172759,  0.173676446
    807,  0.193872482,  0.110471942
    808,  0.197227031,  0.120472796
    809,  0.185474694,  0.118890777
    810,  0.269386768,  0.173680156
    811,  0.263844669,  0.182744682
    812,  0.259230018,  0.173378468
    813,  0.258510709,  0.190963894
    814,   0.28950268,  0.176131383
    815,  0.278566599,  0.176153064
    816, 0.0886057317,  0.184610158
    817, 0.0840931237,  0.192382216
    818, 0.0878159925,  0.161043271
    819, 0.0806294382,  0.154542595
    820,  0.204196498, 0.0900578648
    821,  0.198820263, 0.0810250789
    822,  0.209356219, 0.0806049556
    823,  0.223793685,  0.182404593
    824,  0.140444845,  0.173587561
    825,  0.134965286,  0.164911509
    826,  0.140119344,   0.15550068
    827,  0.129847258,  0.155589566
    828, 0.0588473007,  0.180813357
    829,  0.179978251,  0.173524737
    830,  0.170107991,  0.173448384
    831,  0.175134808,  0.164770961
    832,  0.190423027,  0.156327918
    833,   0.18057543,  0.155592561
    834,  0.185993373,   0.14707315
    835, 0.0734684765,  0.146014094
    836, 0.0840181112,  0.115045235
    837, 0.0941331983,  0.107869923
    838,  0.246332765, 0.0543105267
    839,  0.268352807, 0.0550699905
    840,  0.177579165, 0.0621975772
    841,   0.23014015, 0.0630022064
    842,  0.199504733,  0.173729256
    843,   0.18973738,  0.173535615
    844,  0.194772422,   0.16504097
    845,  0.241232842, 0.0642344356
    846,  0.251889378, 0.0642760918
    847,  0.273346424, 0.0913577676
    848,  0.273275077,  0.101104856
    849, 0.0594718009,  0.171165287
    850,  0.273549736,  0.158757359
    851,   0.26515311,  0.154288724
    852,  0.290797353,  0.148603171
    853,  0.273167729, 0.0817350894
    854,  0.273347467,  0.110750422
    855,   0.27346167,  0.120481558
    856,   0.28219527,  0.125066534
    857,  0.273535848,   0.13000527
    858,  0.247315988,  0.126050457
    859,  0.237159163,  0.132286951
    860,  0.236438289,  0.122349232
    861,  0.273951948,  0.166786849
    862,  0.100340009,  0.175221741
    863,  0.118960731,  0.135254219
    864,  0.109804995,    0.1365183
    865,  0.116785303,  0.126195073
    866,  0.248599768,   0.17423363
    867,  0.219002381,   0.17398563
    868,  0.153519198, 0.0340941697
    869,  0.254141867,  0.165169105
    870,  0.119585618,  0.107000321
    871,  0.112593412,  0.102379262
    872, 0.0945301503,  0.168418929
    873,  0.090790242,  0.177062482
    874, 0.0861563683,  0.135329574
    875, 0.0848493278,  0.127104461
    876, 0.0946760178,  0.127664179
    877,  0.209269881,  0.173783541
    878,  0.237707168,  0.110512614
    879,  0.227550358,  0.116749108
    880, 0.0834906399,  0.143298358
    881,  0.150512755,  0.155462652
    882,  0.145394728,  0.146140724
    883,  0.170705169,  0.155516207
    884,  0.160526335,  0.155398667
    885,  0.165966958,  0.146220267
    886,  0.205943584,  0.122596115
    887,  0.215953141,  0.120319843
    888,  0.216271907,  0.130861998
    889,   0.21427229,  0.165436715
    890,  0.235696793, 0.0729677677
    891,  0.261477709,  0.061957106
    892,  0.188352659, 0.0809637457
    893,  0.239594966, 0.0807297528
    894,  0.224724531,  0.148902088
    895,  0.229232371,  0.157541573
    896,  0.219496921,  0.156999335
    897,  0.102104962,  0.115155146
    898,  0.102869198,  0.103585996
    899,  0.103981741,  0.140733361
    900, 0.0933173299,  0.143858075
    901,   0.25801754,  0.158160388
    902,   0.24738729,  0.159015551
    903,  0.256785512,  0.140125841
    904,  0.258398533,   0.14813517
    905,  0.123490877,  0.145878106
    906,  0.118336812,  0.155288935
    907,  0.151120126,  0.137124628
    908,  0.140726715,  0.137162626
    909,  0.109235257,  0.119165182
    910,  0.118390992,  0.117901102
    911,  0.238985807,  0.157734305
    912,  0.209764421,   0.15679723
    913,  0.161350578,  0.135739282
    914,  0.156682581,  0.126761198
    915,  0.200190395,  0.156521559
    916,  0.220635265,  0.138472795
    917,  0.210625708,  0.140749067
    918,  0.197545797,  0.131014943
    919,  0.201051682,  0.140473396
    920,  0.192335114,   0.13835007
    921,  0.182487518,  0.137614727
    922,  0.171529412,  0.135856837
    923,  0.177871138,  0.127133742
    924,  0.205415025,  0.148084179
    925,  0.264688075,  0.115689158
    926,   0.26516819,  0.134841889
    927,   0.24705264, 0.0850088894
    928,  0.255698681,  0.120766513
    929,  0.256419569,  0.130704224
    930,  0.135317534,  0.077742435
    931,  0.126614511, 0.0715548247
    932,  0.183106154, 0.0904104859
    933,  0.101806313,  0.131674215
    934,  0.100499272,  0.123449117
    935,  0.199642673,  0.101265974
    936,  0.210178629,  0.100845858
    937,   0.21722202,  0.108483225
    938,  0.104621656,   0.09509404
    939,  0.111621946,  0.085375756
    940,  0.138730079, 0.0986093283
    941,  0.138635963, 0.0886463672
    942,   0.23037073,  0.139015019
    943,  0.127135664,  0.114030197
    944,  0.130471185,   0.13555485
    945,  0.160350531,  0.119317971
    946,   0.15012008,   0.12070331
    947,  0.136196584,  0.126538754
    948,  0.221775845,  0.097275123
    949,  0.246955454,  0.105965257
    950,  0.238067508,  0.100365132
    951,  0.255584478,  0.111035377
    952,  0.174516588,  0.117132887
    953,  0.165906817,  0.115883738
    954,  0.159344301,   0.10982585
    955,  0.177335948, 0.0996164531
    956,  0.187890351, 0.0996839553
    957,  0.230609834, 0.0960859954
    958,  0.239858121, 0.0915386379
    959,  0.155053079, 0.0621040016
    960,  0.166771591, 0.0624999702
    961,  0.118520044, 0.0800338462
    962,  0.144929066,  0.103400245
    963,  0.151458949,  0.103674665
    964,  0.147258148,  0.112985671
    965,  0.133334652,  0.118821114
    966,  0.134529263,  0.107920334
    967,  0.145811439, 0.0831853151
    968,  0.157015219,  0.100240424
    969,  0.143590182,   0.12042889
    970,  0.155279756, 0.0830717608
    971,  0.160840809, 0.0922161192
    972,  0.168726161, 0.0983673036
    973,  0.173510358,  0.107640773
    974,  0.151961327, 0.0721678287
        END COORDINATES
      END NODES
%
%     The ELEMENT command defines properties of elements
%     The parameters are no. nodes on the element, no. properties, total no. state variables, integer identifier

      ELEMENTS
        PARAMETERS, 6, 0, 101
%       Define element properties - the values are passed to user subroutine elstif in the order they are listed here
%       For the example provided, the params are Youngs Modulus, Poissons ratio
        PROPERTIES
         100.d0, 0.3d0
        END PROPERTIES
%     Define mass density (for explicity dynamics only)
%       DENSITY, 10.d0
%     Define element connectivity
%     The element number (first number in the list) is optional, and is ignored in the code
        CONNECTIVITY, zone1
 1, 126,   3,  18, 260, 261, 262
  2,  88,  47,  87, 263, 264, 265
  3,  61,  60,   5, 266, 267, 268
  4,  91,  50,  90, 269, 270, 271
  5,  63,  61,   6, 272, 273, 274
  6,   7,   8,  30, 275, 276, 277
  7, 117, 115,  91, 278, 279, 280
  8,  64,  17,  16, 281, 282, 283
  9,  11,   1,   3, 284, 285, 286
 10,  65,  11,   3, 287, 286, 288
 11,  70,  18,   4, 289, 290, 291
 12, 135, 120,  85, 292, 293, 294
 13,  66,  13,  12, 295, 296, 297
 14, 141,  66,  65, 298, 299, 300
 15, 121,  43,  64, 301, 302, 303
 16,  70,   4,  60, 291, 304, 305
 17,  77,   7,  30, 306, 277, 307
 18,  20,   9,  42, 308, 309, 310
 19,  84,  42,  41, 311, 312, 313
 20, 104,  82,  81, 314, 315, 316
 21, 136, 134,  84, 317, 318, 319
 22, 127,  23,  22, 320, 321, 322
 23,  73,  24,  72, 323, 324, 325
 24, 152, 107, 150, 326, 327, 328
 25,  74,  26,  62, 329, 330, 331
 26, 173, 139,  71, 332, 333, 334
 27,  75,  27,  74, 335, 336, 337
 28,  71,  63,  19, 338, 339, 340
 29,  59,  31,  10, 341, 342, 343
 30,  99,  59,  58, 344, 345, 346
 31, 163, 112, 159, 347, 348, 349
 32, 149, 105, 109, 350, 351, 352
 33, 105, 103,  34, 353, 354, 355
 34, 103,  35,  34, 356, 357, 354
 35, 168,  72, 127, 358, 359, 360
 36, 110, 106,  79, 361, 362, 363
 37,  81,  38,  80, 364, 365, 366
 38,  82,  39,  81, 367, 368, 315
 39,  83,  40,  82, 369, 370, 371
 40,  84,  41,  83, 313, 372, 373
 41,  43,   2,  17, 374, 375, 376
 42,  64,  43,  17, 302, 376, 281
 43, 121,  85,  44, 377, 378, 379
 44, 167, 126,  70, 380, 381, 382
 45,  86,  45,  85, 383, 384, 385
 46,  87,  46,  86, 386, 387, 388
 47,  89,  48,  88, 389, 390, 391
 48,  90,  49,  89, 392, 393, 394
 49, 113,  90,  89, 395, 394, 396
 50,  92,  51,  91, 397, 398, 399
 51,  93,  52,  92, 400, 401, 402
 52,  94,  53,  93, 403, 404, 405
 53,  95,  54,  94, 406, 407, 408
 54,  96,  55,  95, 409, 410, 411
 55,  97,  56,  96, 412, 413, 414
 56,  98,  57,  97, 415, 416, 417
 57,  99,  58,  98, 346, 418, 419
 58,  60,   4,   5, 304, 420, 267
 59,  61,   5,   6, 268, 421, 273
 60,  63,   6,  19, 274, 422, 339
 61, 214, 193, 210, 423, 424, 425
 62,  62,  26,  25, 330, 426, 427
 63,  73,  25,  24, 428, 429, 323
 64,  71,  19,   7, 340, 430, 431
 65, 249, 198, 234, 432, 433, 434
 66,  69,  15,  68, 435, 436, 437
 67,  68,  14,  67, 438, 439, 440
 68,  66,  12,  65, 297, 441, 299
 69,  65,  12,  11, 441, 442, 287
 70, 135,  64,  69, 443, 444, 445
 71,  67,  13,  66, 446, 295, 447
 72, 102,  67, 100, 448, 449, 450
 73,  67,  14,  13, 439, 451, 446
 74, 101,  69,  68, 452, 437, 453
 75,  68,  15,  14, 436, 454, 438
 76,  69,  64,  16, 444, 283, 455
 77,  69,  16,  15, 455, 456, 435
 78, 167, 147, 141, 457, 458, 459
 79, 114,  88,  87, 460, 265, 461
 80,  77,  30,  29, 307, 462, 463
 81,  76,  28,  75, 464, 465, 466
 82,  72,  24,  23, 324, 467, 468
 83,  80,  37,  79, 469, 470, 471
 84,  79,  36,  78, 472, 473, 474
 85,  73,  62,  25, 475, 427, 428
 86,  74,  27,  26, 336, 476, 329
 87, 115,  92,  91, 477, 399, 279
 88, 133,  75, 130, 478, 479, 480
 89,  75,  28,  27, 465, 481, 335
 90, 208, 173,  77, 482, 483, 484
 91,  76,  29,  28, 485, 486, 464
 92,  77,  71,   7, 487, 431, 306
 93,  77,  29,  76, 463, 485, 488
 94,  78,  36,  35, 473, 489, 490
 95, 116,  94,  93, 491, 405, 492
 96, 150, 107, 106, 327, 493, 494
 97,  79,  37,  36, 470, 495, 472
 98, 107,  81,  80, 496, 366, 497
 99,  80,  38,  37, 365, 498, 469
100, 174, 136, 146, 499, 500, 501
101,  81,  39,  38, 368, 502, 364
102, 108,  82, 104, 503, 314, 504
103,  82,  40,  39, 370, 505, 367
104, 136,  83, 108, 506, 507, 508
105,  83,  41,  40, 372, 509, 369
106, 134,  20,  84, 510, 511, 318
107,  84,  20,  42, 511, 310, 311
108, 166, 120, 143, 512, 513, 514
109,  85,  45,  44, 384, 515, 378
110, 122,  86, 120, 516, 517, 518
111,  86,  46,  45, 387, 519, 383
112, 158, 156, 114, 520, 521, 522
113,  87,  47,  46, 264, 523, 386
114, 226, 211, 222, 524, 525, 526
115,  88,  48,  47, 390, 527, 263
116, 140,  61, 138, 528, 529, 530
117,  89,  49,  48, 393, 531, 389
118, 117,  90, 113, 532, 395, 533
119,  90,  50,  49, 270, 534, 392
120, 118, 116,  93, 535, 492, 536
121,  91,  51,  50, 398, 537, 269
122, 118,  92, 115, 538, 477, 539
123,  92,  52,  51, 401, 540, 397
124, 132,  73, 129, 541, 542, 543
125,  93,  53,  52, 404, 544, 400
126, 189, 163, 159, 545, 349, 546
127,  94,  54,  53, 407, 547, 403
128, 119,  94, 116, 548, 491, 549
129,  95,  55,  54, 410, 550, 406
130, 149, 109, 142, 352, 551, 552
131,  96,  56,  55, 413, 553, 409
132, 109, 105,  33, 351, 554, 555
133,  97,  57,  56, 416, 556, 412
134, 125,  97, 112, 557, 558, 559
135,  98,  58,  57, 418, 560, 415
136, 111,  31,  99, 561, 562, 563
137,  99,  31,  59, 562, 341, 344
138, 100,  67,  66, 449, 447, 564
139, 147, 145, 100, 565, 566, 567
140, 143, 135, 101, 568, 569, 570
141, 102, 101,  68, 571, 453, 572
142, 102,  68,  67, 572, 440, 448
143, 166, 158, 122, 573, 574, 575
144, 103,  78,  35, 576, 490, 356
145, 105,  34,  33, 355, 577, 554
146, 106,  80,  79, 578, 471, 362
147, 255, 203, 204, 579, 580, 581
148, 109,  33,  32, 555, 582, 583
149, 184, 181, 149, 584, 585, 586
150, 110,  79,  78, 363, 474, 587
151, 151, 150, 106, 588, 494, 589
152, 107, 104,  81, 590, 316, 496
153, 107,  80, 106, 497, 578, 493
154, 175, 146, 153, 591, 592, 593
155, 108,  83,  82, 507, 371, 503
156, 111, 109,  32, 594, 583, 595
157, 142,  99,  98, 596, 419, 597
158, 154,  78, 103, 598, 576, 599
159, 165, 116, 160, 600, 601, 602
160, 111,  32,  31, 595, 603, 561
161, 142, 111,  99, 604, 563, 596
162, 112,  97,  96, 558, 414, 605
163, 124,  96,  95, 606, 411, 607
164, 123,  89,  88, 608, 391, 609
165, 138,  61,  63, 529, 272, 610
166, 122,  87,  86, 611, 388, 516
167, 193, 164, 187, 612, 613, 614
168, 117,  91,  90, 280, 271, 532
169, 132,  62,  73, 615, 475, 541
170, 118,  93,  92, 536, 402, 538
171, 131, 130,  74, 616, 617, 618
172, 193, 190, 157, 619, 620, 621
173, 157, 155, 115, 622, 623, 624
174, 171, 131, 169, 625, 626, 627
175, 160, 118, 155, 628, 629, 630
176, 165, 161, 119, 631, 632, 633
177, 119,  95,  94, 634, 408, 548
178, 120,  86,  85, 517, 385, 293
179, 144, 101, 102, 635, 571, 636
180, 121,  44,  43, 379, 637, 301
181, 135, 121,  64, 638, 303, 443
182, 144, 143, 101, 639, 570, 635
183, 122, 114,  87, 640, 461, 611
184, 123, 113,  89, 641, 396, 608
185, 123,  88, 114, 609, 460, 642
186, 124, 112,  96, 643, 605, 606
187, 124,  95, 119, 607, 634, 644
188, 149, 148, 105, 645, 646, 350
189, 125,  98,  97, 647, 417, 557
190, 126,  65,   3, 648, 288, 260
191, 126,  18,  70, 262, 289, 381
192, 127,  72,  23, 359, 468, 320
193, 128, 127,  22, 649, 322, 650
194, 128,  22,  21, 650, 651, 652
195, 134, 128,  21, 653, 652, 654
196, 129,  73,  72, 542, 325, 655
197, 221, 203, 218, 656, 657, 658
198, 130,  75,  74, 479, 337, 617
199, 131,  74,  62, 618, 331, 659
200, 132, 131,  62, 660, 659, 615
201, 171, 170, 130, 661, 662, 663
202, 233, 220, 200, 664, 665, 666
203, 172, 169, 132, 667, 668, 669
204, 173,  71,  77, 334, 487, 483
205, 133,  76,  75, 670, 466, 478
206, 134,  21,  20, 654, 671, 510
207, 136,  84,  83, 319, 373, 506
208, 135,  85, 121, 294, 377, 638
209, 135,  69, 101, 445, 452, 569
210, 146, 136, 108, 500, 508, 672
211, 136, 128, 134, 673, 653, 317
212, 137,  70,  60, 674, 305, 675
213, 140,  60,  61, 676, 266, 528
214, 187, 162, 186, 677, 678, 679
215, 139, 138,  63, 680, 610, 681
216, 139,  63,  71, 681, 338, 333
217, 176, 133, 170, 682, 683, 684
218, 162, 123, 156, 685, 686, 687
219, 140, 137,  60, 688, 675, 676
220, 141, 100,  66, 689, 564, 298
221, 141,  65, 126, 300, 648, 690
222, 142, 109, 111, 551, 594, 604
223, 142,  98, 125, 597, 647, 691
224, 143, 120, 135, 513, 292, 568
225, 145, 102, 100, 692, 450, 566
226, 145, 144, 102, 693, 636, 692
227, 177, 145, 147, 694, 565, 695
228, 147, 100, 141, 567, 689, 458
229, 213, 194, 201, 696, 697, 698
230, 174, 128, 136, 699, 673, 499
231, 153, 108, 104, 700, 504, 701
232, 167, 141, 126, 459, 690, 380
233, 191, 186, 156, 702, 703, 704
234, 181, 178, 148, 705, 706, 707
235, 148, 103, 105, 708, 353, 646
236, 184, 142, 125, 709, 691, 710
237, 205, 202, 178, 711, 712, 713
238, 151, 106, 110, 589, 361, 714
239, 200, 199, 169, 715, 716, 717
240, 183, 110, 154, 718, 719, 720
241, 165, 119, 116, 633, 549, 600
242, 221, 175, 180, 721, 722, 723
243, 152, 104, 107, 724, 590, 326
244, 153, 146, 108, 592, 672, 700
245, 153, 104, 152, 701, 724, 725
246, 154, 110,  78, 719, 587, 598
247, 154, 103, 148, 599, 708, 726
248, 155, 118, 115, 629, 539, 623
249, 157, 115, 117, 624, 278, 727
250, 156, 123, 114, 686, 642, 521
251, 158, 114, 122, 522, 640, 574
252, 164, 117, 113, 728, 533, 729
253, 253, 252, 251, 730, 731, 732
254, 166, 122, 120, 575, 518, 512
255, 201, 194, 166, 697, 733, 734
256, 159, 112, 124, 348, 643, 735
257, 161, 124, 119, 736, 644, 632
258, 195, 155, 190, 737, 738, 739
259, 160, 116, 118, 601, 535, 628
260, 188, 161, 185, 740, 741, 742
261, 161, 159, 124, 743, 735, 736
262, 162, 113, 123, 744, 641, 685
263, 186, 162, 156, 678, 687, 703
264, 184, 163, 181, 745, 746, 584
265, 163, 125, 112, 747, 559, 347
266, 164, 157, 117, 748, 727, 728
267, 164, 113, 162, 729, 744, 749
268, 195, 160, 155, 750, 630, 737
269, 250, 227, 239, 751, 752, 753
270, 166, 143, 144, 514, 639, 754
271, 213, 201, 177, 698, 755, 756
272, 167,  70, 137, 382, 674, 757
273, 196, 167, 137, 758, 757, 759
274, 168, 129,  72, 760, 655, 358
275, 174, 168, 127, 761, 360, 762
276, 169, 131, 132, 626, 660, 668
277, 172, 132, 129, 669, 543, 763
278, 170, 133, 130, 683, 480, 662
279, 171, 130, 131, 663, 616, 625
280, 195, 192, 160, 764, 765, 750
281, 199, 198, 171, 766, 767, 768
282, 197, 129, 168, 769, 760, 770
283, 179, 152, 150, 771, 328, 772
284, 208,  77,  76, 484, 488, 773
285, 208, 176, 173, 774, 775, 482
286, 174, 127, 128, 762, 649, 699
287, 175, 174, 146, 776, 501, 591
288, 175, 168, 174, 777, 761, 776
289, 180, 152, 179, 778, 771, 779
290, 259, 139, 176, 780, 781, 782
291, 176, 139, 173, 781, 332, 775
292, 196, 147, 167, 783, 457, 758
293, 211, 206, 186, 784, 785, 786
294, 224, 217, 202, 787, 788, 789
295, 178, 154, 148, 790, 726, 706
296, 182, 150, 151, 791, 588, 792
297, 182, 179, 150, 793, 772, 791
298, 180, 175, 153, 722, 593, 794
299, 180, 153, 152, 794, 725, 778
300, 181, 148, 149, 707, 645, 585
301, 189, 181, 163, 795, 746, 545
302, 217, 151, 183, 796, 797, 798
303, 185, 161, 165, 741, 631, 799
304, 183, 151, 110, 797, 714, 718
305, 183, 154, 178, 720, 790, 800
306, 184, 149, 142, 586, 552, 709
307, 184, 125, 163, 710, 747, 745
308, 192, 165, 160, 801, 602, 765
309, 212, 207, 185, 802, 803, 804
310, 191, 156, 158, 704, 520, 805
311, 206, 187, 186, 806, 679, 785
312, 247, 236, 246, 807, 808, 809
313, 187, 164, 162, 613, 749, 677
314, 209, 189, 188, 810, 811, 812
315, 188, 159, 161, 813, 743, 740
316, 205, 181, 189, 814, 795, 815
317, 189, 159, 188, 546, 813, 811
318, 190, 155, 157, 738, 622, 620
319, 193, 157, 164, 621, 748, 612
320, 194, 191, 158, 816, 805, 817
321, 222, 213, 177, 818, 756, 819
322, 220, 219, 199, 820, 821, 822
323, 192, 185, 165, 823, 799, 801
324, 210, 187, 206, 824, 806, 825
325, 225, 210, 206, 826, 825, 827
326, 194, 158, 166, 817, 573, 733
327, 201, 166, 144, 734, 754, 828
328, 215, 190, 214, 829, 830, 831
329, 231, 215, 230, 832, 833, 834
330, 196, 177, 147, 835, 695, 783
331, 223, 137, 140, 836, 688, 837
332, 197, 172, 129, 838, 763, 769
333, 197, 168, 175, 770, 777, 839
334, 198, 170, 171, 840, 661, 767
335, 199, 171, 169, 768, 627, 716
336, 200, 169, 172, 717, 667, 841
337, 216, 195, 215, 842, 843, 844
338, 218, 172, 197, 845, 838, 846
339, 204, 203, 179, 580, 847, 848
340, 201, 144, 145, 828, 693, 849
341, 201, 145, 177, 849, 694, 755
342, 224, 202, 209, 789, 850, 851
343, 202, 183, 178, 852, 800, 712
344, 203, 180, 179, 853, 779, 847
345, 204, 179, 182, 848, 793, 854
346, 232, 182, 217, 855, 856, 857
347, 243, 239, 242, 858, 859, 860
348, 205, 178, 181, 713, 705, 814
349, 209, 205, 189, 861, 815, 810
350, 211, 186, 191, 786, 702, 862
351, 240, 226, 238, 863, 864, 865
352, 207, 188, 185, 866, 742, 803
353, 212, 185, 192, 804, 823, 867
354, 208,  76, 133, 773, 670, 868
355, 208, 133, 176, 868, 682, 774
356, 209, 202, 205, 850, 711, 861
357, 209, 188, 207, 812, 866, 869
358, 252, 237, 251, 870, 871, 731
359, 210, 193, 187, 424, 614, 824
360, 213, 211, 191, 872, 862, 873
361, 235, 196, 223, 874, 875, 876
362, 216, 192, 195, 877, 764, 842
363, 248, 243, 242, 878, 860, 879
364, 213, 191, 194, 873, 816, 696
365, 222, 177, 196, 819, 835, 880
366, 228, 210, 225, 881, 826, 882
367, 214, 190, 193, 830, 619, 423
368, 230, 214, 228, 883, 884, 885
369, 215, 195, 190, 843, 739, 829
370, 245, 236, 242, 886, 887, 888
371, 216, 212, 192, 889, 867, 877
372, 217, 182, 151, 856, 792, 796
373, 217, 183, 202, 798, 852, 788
374, 218, 200, 172, 890, 841, 845
375, 221, 218, 197, 658, 846, 891
376, 219, 198, 199, 892, 766, 821
377, 220, 199, 200, 822, 715, 665
378, 233, 200, 218, 666, 890, 893
379, 229, 227, 212, 894, 895, 896
380, 221, 197, 175, 891, 839, 721
381, 221, 180, 203, 723, 853, 656
382, 223, 196, 137, 875, 759, 836
383, 222, 211, 213, 525, 872, 818
384, 237, 223, 140, 897, 837, 898
385, 235, 226, 222, 899, 526, 900
386, 250, 209, 207, 901, 869, 902
387, 250, 239, 224, 753, 903, 904
388, 226, 225, 206, 905, 827, 906
389, 241, 228, 225, 907, 882, 908
390, 226, 206, 211, 906, 784, 524
391, 240, 238, 237, 865, 909, 910
392, 227, 207, 212, 911, 802, 895
393, 229, 212, 216, 896, 889, 912
394, 244, 228, 241, 913, 907, 914
395, 228, 214, 210, 884, 425, 881
396, 231, 216, 215, 915, 844, 832
397, 245, 242, 229, 888, 916, 917
398, 246, 245, 231, 918, 919, 920
399, 230, 215, 214, 833, 831, 883
400, 246, 230, 244, 921, 922, 923
401, 231, 229, 216, 924, 912, 915
402, 232, 204, 182, 925, 854, 855
403, 232, 217, 224, 857, 787, 926
404, 255, 218, 203, 927, 657, 579
405, 243, 232, 239, 928, 929, 858
406, 259, 253, 139, 930, 931, 780
407, 234, 198, 219, 433, 892, 932
408, 235, 222, 196, 900, 880, 874
409, 238, 235, 223, 933, 876, 934
410, 236, 219, 220, 935, 820, 936
411, 248, 242, 236, 879, 887, 937
412, 251, 140, 138, 938, 530, 939
413, 256, 252, 253, 940, 730, 941
414, 238, 226, 235, 864, 899, 933
415, 238, 223, 237, 934, 897, 909
416, 239, 232, 224, 929, 926, 903
417, 242, 239, 227, 859, 752, 942
418, 252, 240, 237, 943, 910, 870
419, 240, 225, 226, 944, 905, 863
420, 254, 244, 241, 945, 914, 946
421, 241, 225, 240, 908, 944, 947
422, 242, 227, 229, 942, 894, 916
423, 248, 236, 220, 937, 936, 948
424, 255, 243, 248, 949, 878, 950
425, 243, 204, 232, 951, 925, 928
426, 247, 246, 244, 809, 923, 952
427, 244, 230, 228, 922, 885, 913
428, 245, 229, 231, 917, 924, 919
429, 246, 231, 230, 920, 834, 921
430, 258, 244, 254, 953, 945, 954
431, 246, 236, 245, 808, 886, 918
432, 247, 234, 219, 955, 932, 956
433, 247, 219, 236, 956, 935, 807
434, 248, 220, 233, 948, 664, 957
435, 255, 248, 233, 950, 957, 958
436, 249, 176, 170, 959, 684, 960
437, 249, 170, 198, 960, 840, 432
438, 250, 224, 209, 904, 851, 901
439, 250, 207, 227, 902, 911, 751
440, 251, 237, 140, 871, 898, 938
441, 253, 251, 138, 732, 939, 961
442, 257, 256, 254, 962, 963, 964
443, 257, 240, 252, 965, 943, 966
444, 253, 138, 139, 961, 680, 931
445, 259, 256, 253, 967, 941, 930
446, 258, 254, 256, 954, 963, 968
447, 257, 254, 241, 964, 946, 969
448, 255, 233, 218, 958, 893, 927
449, 255, 204, 243, 581, 951, 949
450, 256, 249, 234, 970, 434, 971
451, 258, 256, 234, 968, 971, 972
452, 257, 241, 240, 969, 947, 965
453, 257, 252, 256, 966, 940, 962
454, 258, 234, 247, 972, 955, 973
455, 258, 247, 244, 973, 952, 953
456, 259, 176, 249, 782, 959, 974
457, 259, 249, 256, 974, 970, 967
        END CONNECTIVITY

%     The PROPERTIES, PARAMETERS, CONNECTIVITY keywords can be repeated here to define more set of elements with different properties

        END ELEMENTS
        END MESH

%%%%%%%%%%%%%%%%%%%%%%%%%%%%%%%%%%%%%%% BOUNDARY CONDITIONS %%%%%%%%%%%%%%%%%%%%%%%%%%%%%%%%%%%%%%%%%%%%%

%     The BOUNDARY conditions key starts definition of BCs
      BOUNDARY CONDITIONS

%       The HISTORY key defines a time history that can be applied to DOFs or distributed loads
        HISTORY, dof_history
          0.d0, 0.d0                  % Each line gives a time value and then a function value
         10.d0, 0.001d0
        END HISTORY


%       The NODESET key defines a list of nodes
        NODESET, left
   1,   2,  11,  12,  13,  14,  15,  16,  17, 282, 284, 296, 375, 442, 451, 454
 456
        END NODESET
        NODESET, right
9,  10,  31,  32,  33,  34,  35,  36,  37,  38,  39,  40,  41,  42, 309, 312
 342, 357, 489, 495, 498, 502, 505, 509, 577, 582, 603
        END NODESET
        NODESET, base
8,   9,  20,  21,  22,  23,  24,  25,  26,  27,  28,  29,  30, 276, 308, 321
 426, 429, 462, 467, 476, 481, 486, 651, 671
        END NODESET
        NODESET, top
2,  10,  43,  44,  45,  46,  47,  48,  49,  50,  51,  52,  53,  54,  55,  56
  57,  58,  59, 343, 345, 374, 515, 519, 523, 527, 531, 534, 537, 540, 544, 547
 550, 553, 556, 560, 637           
        END NODESET


%

%       The DEGREE OF FREEDOM key assigns values to nodal DOFs
%       The syntax is node set name, DOF number, VALUE/HISTORY/SUBROUTINE, value/history name/subroutine parameter list name.
%     
        DEGREES OF FREEDOM
           left, 1, VALUE, 0.d0
           right, 1, HISTORY, dof_history
           base, 2, VALUE, 0.d0
        END DEGREES OF FREEDOM



   END BOUNDARY CONDITIONS

%%%%%%%%%%%%%%%%%%%%%%%%%%%%%%%%%%% Mesh printing, error checking %%%%%%%%%%%%%%%%%%%%

%  Print the initial mesh to a file named initial_mesh.dat

   PRINT INITIAL MESH, initial_mesh.dat

%   TIME, VALUE, 0.d0        % Use this to specify the initial time
%   TIME, INCREMENT, 0.01d0  % Use this to specify a time increment (often needed for check stiffness)

%   The CHECK STIFFNESS key tests the element subroutine to ensure that
%   the residual force vector is consistent with the stiffness
       CHECK STIFFNESS, 101




%%%%%%%%%%%%%%%%%%%%%%%%%%%%%%%%%%% Analysis %%%%%%%%%%%%%%%%%%%%%%%%%%%%%%%%%%%%%%%%

   %   The STATIC STEP key initializes a static load step

     STATIC STEP


          INITIAL TIME STEP, 1.d0        % Test of a comment here
          MAX TIME STEP, 1.d0
          MIN TIME STEP, 0.001d0
          MAX NUMBER OF STEPS, 3
          STOP TIME, 10.d0
          STATE PRINT STEP INTERVAL, 1
          USER PRINT STEP INTERVAL, 1


%        The SOLVER key controls the equation solver and Newton-Raphson iterations
%        The options are FACTOR for direct solver, CONJUGATE GRADIENT for cg solver
%        Factor will work on anything but might be slow for large equation systems.   
%        Conjugate gradient works well for elasticity problems but (with the diagonal preconditioner used here) is not so good for unsymmetric matrices
%                        LINEAR for linear equations, NONLINEAR for nonlinear equations
%                        For nonlinear solver, must specify convergence tolerance and max # iterations
%                        UNSYMMETRIC  (optional - only for unsymmetric stiffness)


         SOLVER, DIRECT, NONLINEAR, 1.d-05,15


%      This prints the DOF values and projected nodal state for all solid elements to a tecplot readable file
%      Nodal variables are printed as
%         X, Y, (Z), Ux, Uy, (Uz), Projected states.
%         The projected states are controlled by the user - see subroutine elstat in file usrelem.f90
%         Also (for this example file) subroutine state_linelast_3dbasic in file el_linelast_3Dbasic.f90
%         In this example the states are the stresses sxx,syy,szz,sxy,sxz,syz
         PRINT STATE, Output_files\contourplots.dat
            DEGREES OF FREEDOM
            FIELD VARIABLES, S11,S22,S33,S12
            DISPLACED MESH
            DISPLACEMENT SCALE FACTOR, 1.d0
         END PRINT STATE



        END STATIC STEP
         

   STOP
